23083,0.071884155,0.6849518,9.995758
23084,-0.09124756,0.51467896,10.267227
23085,-0.30615234,-0.019439697,10.956467
23094,-0.09689331,-0.003921509,11.348633
23096,0.08659363,0.40045166,10.879028
23100,0.47720337,0.33337402,11.010742
23102,0.79985046,-0.13502502,10.702103
23103,0.46730042,-0.31648254,9.552231
23105,0.55023193,0.5476532,7.9269104
23106,0.6271057,1.3711548,6.9263
23108,1.3253784,2.599289,6.9806213
23109,1.1811981,2.7269745,7.171402
23111,0.89808655,1.35289,9.600662
23113,1.4314117,0.2512207,11.27684
23115,1.1954498,-0.5069885,12.204285
23118,1.4977417,-0.6481781,12.249161
23120,1.2967834,0.42677307,9.029724
23122,-0.092819214,1.9112091,7.241974
23125,0.24699402,1.1232147,8.481705
23127,2.0780182,0.78744507,7.529907
23128,0.6165161,2.7546082,4.9004974
23131,-3.2855835,2.5829926,8.539597
23133,-4.8632812,-2.5646515,16.361359
23135,-2.2628174,-3.6825867,17.63414
23137,0.15083313,-2.7413483,13.227356
23140,2.3946838,0.00340271,8.368759
23143,2.7068024,3.578659,5.7424316
23147,1.6933899,3.9804993,5.546173
23151,0.42860413,1.4514313,6.323639
23154,0.8815918,1.4516449,6.799347
23157,-0.85931396,2.8615112,7.161499
23161,-1.9204254,1.9029846,14.753204
23163,-0.4102173,-1.6845856,18.488678
23166,-0.13137817,-3.8041687,18.53601
23169,-0.120788574,-3.392212,10.335449
23170,1.2358398,-0.49995422,5.907547
23173,1.6936798,4.5207214,7.690506
23176,1.5145874,3.3596191,2.715744
23177,0.13194275,3.957779,5.618744
23180,-0.44537354,1.8883972,9.695496
23182,0.63002014,0.96899414,12.719528
23183,0.71076965,0.51112366,16.016754
23187,1.1855927,-1.1185303,14.545395
23190,1.556366,1.0510254,6.25856
23192,-0.96203613,0.8245239,3.5653229
23195,-1.5963135,1.3825073,2.2793121
23198,-1.6238708,2.9340668,1.0489655
23201,-3.3079224,0.8353119,7.6249084
23203,-1.7735443,-4.4114227,15.67778
23206,0.8632355,-3.7860565,16.02037
23209,2.6302032,-1.191391,10.896652
23212,2.1785889,1.9697876,6.909134
23214,-0.30511475,3.5813904,8.016968
23222,-0.8062744,1.4530487,12.441391
23225,1.2988129,-1.8053589,15.051559
23227,2.982956,0.86668396,8.682526
23229,1.9432678,3.220047,1.4129944
23231,-1.5301056,2.859909,1.0692902
23233,-3.6923828,4.2836,2.8355713
23235,-2.792221,2.6512604,8.916397
23237,1.2570038,-2.3076782,18.169464
23239,2.4464264,-2.1580353,15.812912
23241,1.2930145,-1.392395,10.33754
23243,0.4710083,0.74790955,8.137863
23246,0.65083313,2.045761,8.111923
23248,0.6944275,1.1108856,11.797974
23251,2.1144867,-2.1811066,13.392334
23253,2.2465363,0.9658966,5.2207184
23255,0.8338623,2.0401764,-0.083496094
23258,-1.7361908,3.0999603,1.5613098
23259,-4.1378784,4.4074097,3.6947174
23261,3.016983,-7.7453613,36.612656
23263,1.85672,-8.4171295,19.774628
23265,1.2264099,-0.74946594,13.2443695
23266,0.45056152,0.8323364,7.1952972
23268,-0.016921997,2.7647705,6.8605804
23271,-0.018722534,1.4516907,9.064224
23273,0.13858032,-2.3336334,12.52829
23275,2.118576,-1.0937347,7.885086
23277,2.685852,2.7984772,3.8039703
23280,1.1945648,2.050003,7.354553
23283,0.4309845,-2.7559662,13.574905
23285,2.6128082,-3.9916687,15.752365
23287,3.54747,-2.1370087,12.593201
23291,1.1138916,-0.45350647,9.790878
23293,-1.2778625,0.7774048,6.661316
23296,-0.924881,1.7548065,7.0137024
23298,0.5012512,-1.8066559,12.554764
23300,1.2185974,-3.2373962,13.624023
23302,1.3657074,-0.15734863,7.3346863
23304,2.120758,2.4631042,1.9631805
23307,-0.047927856,3.81102,2.1879578
23310,-2.9205017,2.6333313,3.881897
23311,-1.7857971,-1.4358826,13.854034
23313,3.626419,-5.0101166,20.73642
23315,5.264282,-3.856079,21.47374
23317,3.6044464,-3.189621,13.852753
23319,0.09614563,-1.3583374,6.0626373
23321,-1.399643,1.9683075,3.7090302
23323,-2.1196136,3.459259,2.1022034
23324,0.018432617,2.1821136,3.7689667
23326,1.6107635,0.3788147,8.538803
23328,1.4420929,0.86798096,5.6385803
23333,-0.7306061,2.4124756,6.393036
23341,-1.9239655,-0.044906616,12.981979
23342,2.5884094,-6.7911224,22.89589
23344,3.637207,-9.037827,20.994568
23345,2.2477417,-5.9017334,12.980957
23347,1.8074493,-0.65138245,7.1685333
23348,1.3163147,3.4440002,3.0415955
23350,-0.0066833496,3.2439575,1.6933136
23352,0.41436768,2.1098022,3.3392181
23354,-1.2584839,1.7640228,1.998764
23355,-1.6441345,2.7119446,5.931778
23359,1.3721466,-0.8430939,17.362778
23362,2.3085938,-2.2029114,12.256851
23364,1.7157593,-2.8919983,11.74762
23367,2.9032898,-4.2734528,13.7827
23368,3.7587585,-3.0091705,11.991516
23370,1.550354,2.035797,5.907013
23372,-1.2434692,2.2302704,5.534195
23373,-0.90190125,2.6760864,3.888733
23375,-0.53401184,2.6363525,5.588501
23377,2.0261536,-1.6705933,15.135956
23379,4.2990875,-5.086151,22.061325
23381,3.8787384,-5.1570435,15.446091
23384,1.6944122,-2.5592651,7.0512085
23386,0.14126587,1.3152008,3.675293
23389,-0.89227295,3.1522064,1.9749756
23391,-1.0157928,2.8218079,4.2668
23393,-0.7903137,-0.17607117,9.409805
23395,-0.83932495,-2.2496185,12.164917
23397,0.88998413,-0.22181702,10.597626
23398,2.9637756,0.41731262,11.918579
23400,4.079361,-3.0598907,16.936386
23404,2.4897766,-5.4240417,19.9664
23405,2.5296173,-2.680481,11.906036
23407,1.4985199,-0.3204956,5.457672
23409,0.3326416,2.1621552,2.4170837
23411,-1.3516083,3.3322296,2.593155
23413,-1.4521027,2.9507294,3.5156097
23417,-1.4047852,-0.059951782,12.781631
23420,-0.27738953,-2.4476624,12.878143
23426,2.165985,-1.3643494,15.309387
23432,2.781311,-0.5877838,11.905411
23438,1.9885254,-0.9718323,7.862381
23443,0.96188354,-0.8885803,6.017563
23449,-0.29534912,0.1802826,8.0616455
23455,0.5821686,-0.4731598,11.332474
23462,1.9212189,-1.9279785,12.395416
23468,1.8475494,0.4697876,7.549469
23474,0.9702606,2.5444946,4.7306366
23494,0.6613922,1.1759796,7.1176453
23495,2.039734,-1.8301849,12.107254
23498,1.8136597,-1.9640808,13.782394
23499,2.0170898,-1.1006317,12.698349
23501,1.2618713,-1.4841309,9.505966
23503,0.20161438,-1.2330475,9.350342
23505,0.41696167,-1.9234772,11.844452
23507,0.6704712,-2.2202148,12.401413
23509,-0.21557617,-1.3823242,10.795364
23511,0.1925354,0.45166016,8.316666
23517,0.81803894,1.3917389,6.82901
23523,1.1184998,1.6446381,4.4807434
23528,0.40118408,2.427353,2.5607147
23535,0.15995789,1.6480408,6.5294647
23540,1.0556488,-2.280716,16.020447
23546,1.8844299,-4.4443054,19.921524
23552,2.4948883,-3.1122742,18.264984
23558,2.277542,-2.1472473,12.103882
23562,0.79745483,-0.8533325,6.2408295
23565,-0.9480133,0.04585266,7.2766876
23568,0.3184204,0.932312,7.870056
23570,0.4775238,1.0610199,7.6941223
23576,-0.7763672,0.32862854,7.3090515
23580,-2.0088348,0.88952637,6.9651337
23584,1.5949707,0.44267273,9.738525
23587,3.788025,0.31192017,12.015121
23592,2.2238312,-1.0293274,15.00029
23597,0.9245758,-3.034256,17.31195
23601,1.5841217,-1.6136627,12.793289
23605,0.8305664,-1.233902,6.4602203
23610,-1.5376587,-0.24679565,5.9566193
23616,-1.0177612,0.47384644,7.783493
23622,-0.003921509,2.1077118,3.5376282
23629,-1.0146637,2.5476074,3.5401611
23636,-1.0738068,0.33244324,8.946243
23643,0.6437683,-3.115219,16.92453
23649,4.2180023,-3.6861877,20.26509
23655,3.979889,-1.1239471,14.537842
23660,0.98005676,-2.2913818,8.338089
23665,-0.0974884,-0.08517456,6.297226
23670,-0.84768677,1.5024567,5.995987
23675,-1.5712738,1.8640594,5.547806
23681,-2.2424316,1.377655,5.8676605
23688,-1.565094,0.5157776,7.5073395
23693,2.0622406,-0.01234436,10.568268
23700,4.2061615,-0.24813843,10.623459
23707,2.1316986,-0.40686035,13.494812
23713,1.9239655,-1.6425781,15.457947
23719,3.9620209,-2.2267761,13.208649
23725,3.4058533,-2.3933258,8.435455
23734,0.6072235,0.30126953,5.8493195
23738,-2.5119934,2.6701202,4.812332
23741,-2.951294,2.0714111,5.165619
23744,-1.4058838,0.5337372,7.8201294
23747,-0.091674805,-0.50413513,11.208313
23750,2.5617523,-0.4358673,13.506012
23754,4.261429,-0.59454346,12.007248
23757,2.9970245,-0.98773193,12.351364
23761,2.0610046,-2.979721,12.684677
23764,0.97854614,-2.7943878,10.555038
23767,-0.20297241,-1.0323639,8.379028
23769,-0.40348816,0.90545654,6.164856
23771,-1.0089722,2.4932556,4.2243195
23773,-0.9908447,2.6955414,3.3168335
23775,0.3491211,1.5865936,6.8195343
23779,2.8306885,-1.1100769,13.1887665
23782,2.9375916,-1.9016876,17.554367
23784,2.792923,-2.6140442,18.081512
23786,2.3053741,-2.2114868,10.025101
23788,1.322113,-1.1529541,5.6418915
23791,-0.9937439,0.6404724,4.498993
23794,-2.1318665,2.283722,7.948761
23796,-1.7583618,0.973114,7.523758
23799,-1.1832733,-1.0714417,11.152298
23801,0.99302673,-1.5007324,11.549225
23804,2.923523,0.27095032,10.237503
23807,3.5136566,0.23124695,9.486679
23810,1.732254,0.09062195,9.112442
23814,0.35717773,-1.3006134,10.362442
23817,0.88090515,-2.694046,11.907303
23821,1.0763245,-2.3294067,11.732483
23823,0.40515137,-0.83203125,9.601761
23825,-0.5836029,1.030426,7.3333435
23828,0.84513855,1.0055542,6.9096527
23831,1.8641663,1.0250549,5.606308
23834,-0.41355896,0.38108826,7.4647827
23836,-0.6582031,-1.9611969,13.251434
23839,1.4191589,-2.8572998,15.770905
23842,1.7627716,-2.1648865,14.795288
23846,1.0328674,-2.2397614,10.79335
23849,1.5368805,-0.7570343,8.230713
23852,1.4619904,1.2496338,5.8980865
23855,-0.2685852,1.4255524,5.90506
23859,-1.676117,0.8809509,6.9730835
23863,-0.056411743,0.9073181,6.6649323
23866,1.9290161,1.2979736,6.9223175
23868,1.2892609,-0.1595459,11.216324
23870,0.9823761,-2.093979,17.35884
23872,3.6308746,-3.648178,16.933975
23874,3.4291687,-3.0258484,12.40065
23878,1.422409,-1.1128387,9.076324
23884,-0.64852905,1.3038788,6.426178
23886,-1.5714569,2.135254,4.9886017
23889,-0.846405,2.1375885,6.307663
23891,-0.9270477,1.1676636,7.1230927
23894,-0.13606262,0.6410675,7.2335205
23896,1.5822754,0.3854065,11.010803
23899,3.0252228,-0.924469,12.743515
23902,2.8983154,-3.2971344,15.333878
23904,1.9505463,-3.9113007,14.060455
23905,0.78819275,-1.0238342,9.710114
23908,-0.41235352,1.3230591,7.0276184
23910,-0.6858673,1.8376923,6.191559
23912,0.76734924,1.382904,5.8328705
23914,0.57844543,1.9479828,6.4589844
23917,0.2786255,0.38894653,11.649689
23920,0.606308,-3.2842407,16.578445
23924,1.2618561,-1.9838257,15.308548
23927,2.4908905,-0.9936676,10.513123
23931,1.3873596,-0.08831787,4.600113
23934,-1.3049927,1.6100311,3.9662476
23937,-1.6562195,1.7389832,6.12381
23940,-0.2557068,-0.21803284,8.871399
23942,1.1447449,-2.1749878,11.618866
23945,0.8427429,0.038131714,8.391403
23947,-0.9166565,1.2208557,7.265442
23949,1.1480255,-1.8769684,13.107849
23952,1.8866425,-4.7141724,17.233078
23954,1.9732361,-4.688034,15.691727
23956,2.6966248,-1.5679932,10.101776
23959,0.927124,1.4758301,6.402588
23961,-0.47328186,2.3450928,5.689865
23963,-0.8113556,2.2520294,4.1184845
23966,-0.52456665,1.718399,5.8530273
23968,-0.4840393,1.2064209,4.85997
23972,0.52227783,-0.81993103,14.902985
23974,4.541168,-1.3885498,15.282166
23976,4.2041473,-2.2992706,15.459702
23978,0.93525696,-2.4953613,12.317627
23981,-0.0041046143,-0.8371887,10.301041
23983,0.827713,0.8832855,8.157761
23986,0.76283264,2.248932,5.534485
23990,-0.49282837,3.1886444,6.5752106
23994,0.31480408,1.1418457,11.346725
23997,1.7918549,-0.4576416,10.329086
24000,2.2572327,0.28079224,9.828949
24003,1.0323029,0.782074,7.061508
24005,0.030792236,-0.64416504,9.593048
24008,1.7095032,-3.2162018,15.83078
24010,1.8051605,-4.0635376,16.10353
24018,0.6225586,-1.7102966,11.159546
24020,0.72280884,0.43029785,6.6679993
24021,0.89785767,1.7886658,3.9124298
24023,-0.056350708,2.7795258,2.5481873
24025,-1.2414703,2.6852417,2.3733368
24027,-1.122055,1.6343994,9.319565
24029,0.2557068,-0.6222992,11.411499
24031,2.9962463,-1.3928528,16.377518
24033,2.222458,-1.1477356,13.304901
24034,1.984375,-3.5128784,10.9782715
24036,1.5579681,-1.9254608,11.144943
24038,0.41653442,0.43188477,9.712158
24040,-0.62913513,1.8484497,6.113846
24042,-0.96691895,2.7991486,2.6921082
24044,-1.0900269,2.88031,5.0277863
24047,-0.5992584,1.7769928,10.349472
24050,1.7543793,-0.67292786,12.126434
24052,4.5499573,-1.5868988,16.11496
24055,3.1897736,-2.7385712,11.688019
24057,1.0108643,-3.7570648,8.669708
24059,-0.46455383,-0.89723206,6.4833374
24062,-0.9217682,1.6452026,7.3068085
24066,-0.7179413,0.46794128,7.2186127
24068,-1.3906708,0.570282,7.1963043
24070,-0.62039185,1.216095,7.454193
24072,1.6325836,0.9790497,10.497086
24074,3.3646698,-0.43295288,13.116852
24076,3.308731,-1.1989441,14.294983
24079,2.8770142,-0.25476074,12.9852295
24081,3.1307526,-1.697052,10.332565
24083,1.7752075,-1.0868683,8.951599
24085,-0.7357025,0.5194397,7.7736053
24087,-2.5937347,1.8930817,5.9156036
24089,-3.5304108,2.117096,5.6911774
24092,-1.0094604,0.21897888,8.170013
24094,1.5732574,-0.21025085,9.656631
24096,2.626236,0.6821594,10.445908
24099,3.5657501,-0.10545349,12.231079
24101,4.1530457,-2.2819061,13.383484
24103,1.5690308,-2.392044,12.260315
24106,-0.5818634,-2.3007965,11.327316
24110,0.73587036,-1.4201813,10.146072
24113,1.0268097,0.33390808,6.947525
24116,-0.82901,1.8868256,5.42688
24119,-2.72583,2.465561,4.5234528
24120,-2.1660614,1.5225983,6.5467834
24122,-0.095565796,-0.16264343,11.179138
24124,2.3735962,-1.4165192,14.88237
24127,4.627121,-0.8224335,14.7365265
24135,4.4340973,-1.207962,11.692062
24139,2.0965118,-2.107666,9.2499695
24141,-0.026611328,-0.40994263,8.523056
24143,-0.5553436,0.9688263,7.1455536
24146,-1.4585114,1.2712402,5.7506256
24151,-3.2375488,1.4392395,6.9961243
24156,-1.0292053,0.12136841,9.432526
24161,1.7208557,-0.11251831,10.410858
24163,2.9782562,-0.104400635,10.973785
24165,2.69516,-0.27586365,10.791962
24166,1.444809,-0.7576294,10.031418
24175,0.63957214,-1.9552765,10.384796
24181,0.7279968,-2.1838684,12.817383
24186,0.7967682,-1.5041809,11.872513
24192,0.49961853,-0.3164978,8.632996
24198,-0.07034302,0.85357666,6.4655457
24204,0.5890198,1.1695709,6.424515
24210,1.0529938,1.1684418,5.125992
24215,-0.82244873,1.3958893,5.284912
24221,-0.9295349,-0.28590393,9.004089
24226,2.4997864,-2.2874603,11.998779
24231,3.7348328,-1.865097,11.467575
24237,1.7550049,-3.0229034,12.576004
24242,1.0996552,-3.72583,15.667175
24247,0.60206604,-3.3048248,16.036102
24252,-1.1808167,-1.5534973,12.331589
24258,-1.8135834,0.5585022,9.327255
24263,-0.9142151,1.495758,7.2596893
24269,-0.34236145,1.6704254,6.429779
24274,-0.07635498,1.2374725,6.880005
24280,0.58807373,0.2758789,7.7948303
24285,0.7029877,0.4962616,8.9027405
24292,0.62942505,-0.6143646,9.859146
24297,1.4645691,-0.9002991,9.388916
24303,1.9418793,-0.09031677,8.31311
24309,2.0509949,-0.3403015,10.750153
24314,2.6592407,-1.0495911,13.150681
24320,2.6199799,-1.5047913,14.264862
24325,2.107483,-1.1805878,13.919846
24331,1.5958252,-1.3236237,11.824646
24335,0.721344,0.41137695,8.0924225
24340,0.42463684,1.6124268,6.457199
24345,0.27870178,1.4116669,5.1338806
24350,-1.5589142,2.31044,4.0202484
24354,-3.039856,2.559311,5.859375
24356,-0.6640167,0.17356873,10.867142
24358,2.7299042,-1.5573425,15.10202
24359,4.3895264,-1.391983,15.374237
24361,3.6559296,-1.8789215,13.405502
24362,2.8204346,-1.7134247,12.85376
24364,2.2635193,-0.36698914,13.628662
24368,2.645874,0.47917175,11.093842
24369,1.5131378,1.5144043,6.919937
24371,-0.82670593,2.4667053,3.3763428
24372,-2.8198242,3.2851562,3.225998
24374,-1.2039948,1.5946655,8.862717
24375,1.3607635,-0.10835266,9.577362
24376,1.0086975,0.37768555,12.9231415
24378,1.420044,-0.8672943,12.723846
24379,3.6463776,-2.0486145,13.736404
24380,3.2812805,-1.712616,10.6662445
24381,0.8140106,0.0042419434,8.515671
24383,-1.4685364,1.2806091,7.671417
24385,-0.5091553,1.9564514,6.531708
24387,0.13769531,2.3495483,5.7323456
24389,-0.3460846,2.2256775,5.787277
24391,-0.39346313,1.5533752,9.6010895
24393,2.0797272,-0.8625641,14.707153
24394,3.7350311,-1.8495789,15.612289
24395,3.085907,-1.9194031,13.813934
24396,2.0333557,-2.2482452,12.133804
24397,0.89108276,-0.4532776,10.805023
24398,-0.5105438,0.6470642,9.052353
24399,-1.4792786,1.2359924,6.7108765
24400,-0.77212524,2.1240082,3.7134552
24401,-0.15653992,3.3780518,1.6576538
24402,-0.27781677,3.8553925,8.414185
24404,-0.4322815,1.5251312,7.1401825
24405,3.1739502,-3.6910095,22.592133
24406,3.263321,-3.7171326,18.172653
24407,2.6530762,-3.6795502,14.971069
24408,2.0428467,-3.6419678,11.769638
24409,0.5737152,0.188797,11.661545
24411,0.033981323,1.827713,7.791519
24412,-1.1968689,2.708603,6.4581757
24413,-1.2960052,1.7354279,7.596756
24414,-0.8503876,1.5312958,4.9429016
24415,0.6452942,1.953659,8.821671
24416,1.7368622,1.6184235,7.465439
24417,1.6953888,0.72569275,9.01561
24418,0.70773315,-1.1784058,11.428955
24419,1.2362976,-2.044571,12.907715
24421,2.5780945,-2.2443542,13.249847
24422,1.6156769,-1.4850159,12.896393
24422,0.88313293,-0.22041321,10.534363
24424,0.42547607,1.1826019,7.689392
24426,-0.5662842,1.6265411,7.066986
24427,-1.7096252,1.3560638,8.051498
24429,-1.1839447,0.22564697,8.4305725
24431,1.3437347,0.90289307,8.696503
24432,2.2668457,0.26463318,9.7956085
24433,1.1328888,-1.2242126,11.958954
24435,1.3695068,-1.1679382,11.371719
24436,2.2647095,0.30789185,8.774399
24437,0.43266296,0.31193542,8.488327
24438,-1.2963104,-0.4399414,9.774673
24440,-2.94487,-0.4225769,9.631882
24441,-3.2081146,-0.6377411,10.842987
24442,0.30088806,-0.517395,10.89003
24444,4.273407,0.12541199,9.4730835
24449,3.5668335,0.3474884,8.952072
24455,-0.1040802,-0.23796082,11.485107
24465,-1.1362152,-0.9830017,12.834091
24471,-0.028778076,-0.4030304,11.284668
24482,-0.01991272,0.5957031,9.525513
24494,0.18309021,0.58843994,8.053497
24502,1.5171967,1.7496796,4.3095093
24507,1.6043091,3.0664673,2.2783966
24509,-0.060302734,3.6898804,8.605362
24511,-0.42729187,1.4554901,10.380264
24514,2.493332,-1.3908081,15.501801
24517,1.8613434,-1.4171753,14.840836
24519,1.0180664,-1.4195709,13.419342
24521,1.8087463,-0.012237549,10.779785
24523,1.2986908,2.2972717,8.232803
24528,0.02999878,2.65773,8.646164
24529,-0.6776581,1.7913818,9.154755
24532,0.22770691,1.300293,7.3380585
24534,0.6766052,1.6258698,6.5196075
24537,-0.3270874,1.9333954,6.601303
24539,-0.2423706,1.1118164,8.030945
24541,1.911026,0.23118591,9.546371
24552,1.7682648,-0.11807251,11.406662
24557,-0.22221375,-0.8562317,14.130432
24558,0.39456177,-1.3754578,13.951019
24560,1.7992706,-0.35006714,10.073334
24563,1.39711,0.90956116,8.133957
24568,-0.09126282,1.5449371,7.9349823
24570,-0.093811035,1.6299133,5.9489136
24574,-0.021011353,1.6898193,7.7346954
24578,-0.5214844,-0.68814087,12.311768
24582,-0.07392883,-0.860199,13.174637
24587,1.6798553,0.34562683,10.429611
24591,2.4375,0.6697998,6.0858307
24602,0.57102966,1.827591,7.1911926
24605,-1.3642426,1.3693085,9.818817
24608,-0.7107849,-0.20651245,13.174347
24611,-0.13772583,-0.88282776,13.4513855
24614,0.4133911,-0.6856384,12.543564
24616,1.7531128,-0.11097717,8.525635
24619,1.4434967,1.6261902,5.5723114
24621,-0.33465576,2.4029999,5.9878845
24624,-1.4282837,1.7684631,8.3285675
