24830,-0.49467468,1.1967316,9.589035
24832,-0.33296204,1.190567,9.718414
24833,-0.17124939,1.1844025,9.847778
24834,-0.05482483,1.1530457,9.929901
24843,-0.020828247,1.2268066,9.802124
24844,-0.27435303,1.1711121,9.909225
24848,-0.1887207,1.2223206,9.868469
24850,-0.23368835,1.1181335,9.911743
24851,-0.11465454,1.2142487,9.817856
24853,-0.23553467,1.2269135,9.910507
24855,0.021316528,1.1725616,9.869278
24857,0.056747437,1.2596436,9.736237
24859,0.013626099,1.2545471,9.634262
24861,-0.19444275,1.042633,9.865433
24863,-0.039642334,1.0630798,9.8815
24865,-0.051467896,1.1371155,9.763321
24866,0.007797241,1.1348419,10.004883
24868,0.02204895,1.1486969,10.01062
24869,0.33499146,1.2363739,9.333618
24871,0.71110535,1.4732666,8.187454
24872,0.5282593,2.3364868,7.181427
24874,-0.3817749,2.778244,7.3779755
24875,-0.98376465,1.4870148,8.942505
24877,-0.4849701,0.18400574,11.662323
24879,0.033187866,-0.17974854,13.13562
24881,0.40145874,-0.39749146,13.178253
24883,0.90327454,0.50180054,11.025391
24885,-0.021194458,1.1855469,9.979187
24887,-0.4381714,0.77189636,10.005661
24888,0.84503174,1.240387,7.6016693
24890,1.1368561,3.0556946,5.843994
24891,-0.1239624,3.184616,6.0082703
24893,-0.52067566,2.656845,8.12117
24895,0.67440796,1.348175,10.975769
24896,1.0977478,-0.22262573,13.559525
24898,0.8559418,-0.9246979,14.1983795
24900,1.6862946,-0.11199951,11.396637
24902,1.2859955,0.3824005,8.185181
24903,-0.16889954,0.88694763,7.7966766
24905,0.50341797,1.5059662,7.4928894
24907,1.0268707,2.135727,8.693054
24908,1.337616,1.3889465,9.328232
24910,0.67459106,1.197815,8.6210785
24911,-1.7736969,1.3585358,10.09668
24913,-1.981781,-1.3908844,15.080811
24914,-0.22758484,-3.8612823,18.55777
24916,0.79437256,-1.8679504,13.204742
24918,1.1124725,1.6741791,6.3129883
24921,1.6666565,3.9936218,2.7962646
24924,1.7550049,3.9288635,3.4213715
24926,0.38555908,2.476944,7.1295013
24928,-1.2973022,0.34039307,11.6772
24930,-1.3045502,-0.18855286,13.184448
24939,-0.6444855,-0.2922516,14.152817
24941,-0.315979,-1.59375,12.721344
24944,0.37191772,-2.2996216,11.771469
24945,1.8229828,-0.7069855,9.590393
24947,0.5442047,2.55867,5.0976105
24949,-0.86317444,4.2148743,3.893692
24952,-0.07369995,2.7062683,7.3054504
24954,-0.30203247,0.47099304,10.466537
24957,-0.8688812,-0.9108734,13.387344
24960,1.4607391,-1.4025879,14.54863
24963,2.1261597,-2.5589142,12.043442
24965,-0.5616455,-3.8463593,12.499588
24968,-0.8237152,-1.1558685,10.356903
24971,0.66937256,2.7438354,4.092499
24975,0.80584717,3.6923828,0.7037506
24978,0.29467773,3.0949707,1.5146179
24981,-0.42971802,6.3414154,12.665787
24983,0.6116333,-1.8522339,16.515564
24985,2.3986664,0.18548584,16.37468
24988,2.0807648,1.1461792,14.159164
24991,0.09500122,0.91111755,9.235901
24994,-0.8818207,-0.3341217,5.3153687
24998,-2.3758698,1.7841339,8.946976
25000,-0.9106293,0.77993774,10.15567
25002,-1.7445068,0.102264404,12.314392
25005,1.589325,2.062851,8.042419
25007,0.91755676,3.2987976,4.2279816
25010,-0.31037903,3.3923035,3.7044373
25013,0.5773773,2.646408,7.1414185
25016,0.91908264,-0.104141235,12.708649
25019,0.40402222,-1.5435028,14.9832
25023,1.305893,-0.7908478,15.257614
25026,3.2991028,-1.4254608,12.134308
25030,2.309845,-0.111709595,9.756317
25033,-0.7433777,1.7111053,8.056839
25036,-2.048645,1.7548523,8.7031555
25039,-1.1514435,2.1225586,5.0658264
25042,-0.9504852,3.3325348,0.32862854
25043,-0.40052795,2.3770905,0.7764435
25045,1.3968201,1.0272064,6.547638
25048,3.492096,-4.426605,20.089172
25050,2.7972717,-4.9567413,22.808289
25052,2.0631104,-3.8448029,16.219772
25055,1.0171661,-0.77957153,10.606857
25057,-0.45947266,2.6332245,8.493347
25059,-0.12689209,3.7232819,7.051346
25062,0.18785095,3.1958313,6.4593353
25064,-0.8643799,2.782318,6.3624268
25066,-1.6164856,1.9405212,7.953232
25068,-0.3788147,1.1338043,9.295319
25075,1.312027,0.38656616,10.047058
25078,3.2005768,1.1135864,8.936035
25081,2.8251953,1.2501068,3.1115112
25084,2.0746765,1.6624146,6.0630035
25085,1.1976471,-0.48768616,14.734222
25086,-0.15116882,-1.846344,15.598236
25089,0.8226471,-0.81918335,15.241333
25092,1.4963531,-1.5719452,12.919495
25096,-0.19346619,-0.73213196,11.469559
25098,-0.25787354,0.5100708,8.638611
25100,0.6459503,2.0921783,4.987747
25101,-0.38902283,2.421692,4.7112274
25103,-1.2681122,1.8948822,6.6372223
25104,-0.4295044,0.5953369,9.013824
25106,0.7434387,-0.7779846,11.499435
25107,1.7500458,-2.1808167,14.217316
25109,1.7953339,-4.334488,17.761673
25110,2.8463745,-4.0492096,12.313309
25113,1.6678162,0.44387817,7.179001
25115,-0.31376648,4.3342133,3.9234314
25118,-1.7693176,4.1648407,2.2345276
25121,-3.0056763,3.339447,7.1250305
25125,-0.8665161,0.91119385,11.628876
25129,0.6239319,1.0232239,12.655258
25132,1.6908722,0.9677429,12.224442
25133,1.393158,-0.5605469,13.666306
25136,1.3651886,-1.2775421,14.639053
25138,1.5202789,-3.3184052,7.3874817
25140,-0.80752563,-1.6110077,6.870224
25141,-1.3250427,1.3216095,8.502899
25144,0.4381714,2.4127502,4.118149
25146,0.13969421,4.030792,3.7835999
25149,-1.1902313,2.1573486,8.35672
25151,-1.8995819,-1.7662201,13.981689
25154,1.0868378,-0.62919617,14.589371
25156,3.3963165,0.41540527,12.796143
25158,1.3570557,0.64068604,10.866623
25161,-0.42500305,-0.6830597,9.114487
25164,0.17515564,-3.0113068,10.888031
25166,1.5258789,-2.5426788,12.437668
25168,0.7924957,1.4881439,7.0865326
25171,-1.3829956,2.5724487,5.9144135
25178,-0.21199036,2.7758484,5.2801514
25184,-0.60861206,2.6424866,5.4211426
25190,-1.7907104,0.286438,10.0750885
25196,1.1894073,-3.115631,15.598953
25201,5.552841,-2.1605377,15.554108
25206,2.9012604,-1.5541534,10.215942
25210,-1.3684235,-0.6326294,9.974121
25216,-1.0396423,1.8190765,7.882675
25227,-0.5764618,2.723297,7.1963043
25230,-0.66456604,1.5552979,8.6267395
25232,-0.55514526,0.67015076,9.118164
25234,1.6227417,0.23698425,10.475418
25237,3.4063568,0.36471558,8.282898
25242,2.792389,1.5023804,8.152878
25249,0.22773743,0.78378296,11.249405
25256,1.7486572,-1.9938202,16.476852
25263,3.6232605,-2.1618195,14.9776
25269,2.2268677,0.7142792,8.072678
25274,-1.4009094,3.533615,3.836029
25279,-2.1499786,3.52417,4.3582306
25287,-0.5506897,3.0467224,6.050888
25294,-0.12283325,1.8623352,8.93306
25299,0.34617615,0.4849701,12.883774
25305,1.6427612,-0.6178436,15.549973
25311,2.3062592,-0.23735046,14.377487
25317,1.6030426,-2.404541,10.435486
25323,0.42451477,-2.0536804,8.967392
25330,0.06956482,0.6267395,7.870743
25337,-0.5721588,2.7889404,6.8792114
25347,-0.4181366,3.0148315,6.2901764
25352,1.7240448,2.0276947,6.0351715
25356,1.4508057,0.7951355,8.46492
25360,-0.7421112,-0.8325653,13.566788
25363,-0.25891113,-1.3175964,14.235031
25365,1.230835,0.5752411,10.607117
25369,1.6531525,-0.31170654,6.8109894
25373,0.1421051,1.3727112,6.415222
25378,-1.7224274,2.1648865,8.222382
25381,-0.5961609,-0.2557068,11.661087
25387,1.355896,-2.262207,14.88414
25391,1.6713257,-1.4676361,14.046036
25397,1.0518799,-0.26278687,8.718323
25401,1.2907257,1.7276459,5.083145
25406,-0.024337769,2.5718994,4.368225
25412,-2.5033722,2.2195435,8.187042
25417,-0.40882874,-2.0534515,14.502289
25421,2.9100494,-1.4663391,14.799423
25426,1.7089386,-0.2184906,11.910492
25432,0.43789673,-0.105392456,7.8230896
25437,0.14863586,1.589386,4.980835
25443,-0.4059906,2.2579498,7.7628784
25448,-1.5827637,1.1281433,10.547699
25455,-0.76641846,-2.4578094,15.575592
25461,2.4460297,-1.7274933,16.994568
25467,3.2499084,-0.6116791,10.872192
25472,0.5662689,0.77531433,5.156494
25478,-1.4434662,3.5820923,3.6266022
25485,-2.8146057,3.9093475,5.566742
25490,-0.903183,-0.08880615,11.753494
25497,0.90112305,-2.286209,15.300476
25500,2.276657,-0.43849182,14.255234
25503,2.0765839,1.6395111,11.180115
25505,1.1118622,0.7692566,6.4880066
25508,-0.46594238,1.6221008,10.23674
25510,0.9128876,0.18881226,13.528793
25511,1.0272827,-1.3973846,14.185745
25513,1.0681152E-4,0.94496155,9.047974
25514,-0.3146057,1.7870331,5.5539093
25516,-0.10745239,3.2638397,2.6250153
25518,-0.5636139,4.341095,4.359558
25519,0.31500244,0.45610046,11.763794
25520,1.8884277,-2.6546936,15.642822
25522,4.1304626,-0.19197083,20.131546
25525,2.8265686,-0.10588074,10.924332
25527,-0.10293579,-0.16357422,8.870651
25530,-2.1743774,1.7598724,9.548981
25532,-1.1208344,1.1161194,10.814896
25534,0.36361694,0.58110046,9.986145
25536,-0.38874817,2.041504,6.774887
25538,-1.4152832,3.0619202,4.6759186
25539,0.48146057,2.718628,5.7094116
25541,1.3085022,-0.322937,11.155304
25543,0.57125854,-2.42836,16.22705
25545,1.3947906,-3.4070587,16.465164
25547,3.4456787,-2.6627045,11.196213
25549,2.9989471,1.1564789,8.021942
25551,0.22010803,4.056473,5.30011
25553,-2.8587646,3.7851257,4.070526
25555,-3.3917542,3.3441925,5.5639954
25557,-1.3466034,0.7657623,9.07019
25559,2.6710968,-0.18327332,12.630936
25563,4.8038483,-0.28759766,17.24942
25565,2.1355438,-1.1886139,10.768036
25567,-1.6911316,-0.64982605,8.344727
25569,-2.0324554,0.5858307,13.66861
25571,0.9810028,-0.5176697,13.98761
25573,2.1050873,0.5401459,9.766037
25575,2.0413208,2.1761932,4.6899414
25576,0.6526642,3.878708,1.9698334
25579,-1.3837128,5.366104,4.8996277
25582,-0.69078064,-0.99635315,12.655334
25586,-0.36343384,-2.345108,15.107712
25589,0.61938477,-0.8228302,12.803055
25593,1.4571381,-1.1377258,8.446045
25597,1.3867188,0.37904358,7.111664
25600,0.2651062,3.152832,6.38443
25604,-0.69485474,3.1547852,8.812195
25607,0.14753723,-1.4312592,13.275436
25614,0.80648804,-0.8892822,14.414276
25617,1.5748291,-0.12506104,13.149933
25618,1.9424438,-0.059448242,9.393997
25620,1.1702576,2.1315765,7.6791687
25621,-0.083618164,2.9055176,5.763977
25623,-1.3051453,3.3825378,3.034958
25626,-1.5290375,4.3032074,3.1333466
25629,-1.84906,1.9702911,8.535522
25632,-1.6580048,-1.0810242,13.660889
25635,0.6578064,-0.42242432,15.740387
25638,1.752243,-1.1403961,13.612946
25640,1.322464,-1.2663574,11.497726
25641,0.6372528,1.4472809,10.193741
25644,0.77638245,1.6892853,10.211594
25646,0.91111755,0.963974,9.865555
25648,1.3433228,0.26776123,9.99646
25651,3.067505,-0.14372253,9.010132
25653,3.026001,1.4195404,6.8203583
25655,0.22076416,2.4640808,5.77124
25657,-2.4921112,2.250412,7.792389
25659,-1.4641113,-0.40122986,11.570541
25661,-0.7880249,-1.2050629,12.464783
25663,-0.11193848,-2.0089111,13.359039
25664,0.59747314,-1.7369385,11.825424
25668,1.4519043,2.8970947,5.6595917
25671,-1.901886,4.233734,6.9177246
25674,-1.7366943,1.0681915,10.677261
25676,0.7384491,-1.2003784,14.109039
25679,2.5179749,-0.11502075,12.63533
25681,0.76893616,-1.1800079,10.126526
25683,-0.13375854,0.29673767,8.915894
25686,1.5587769,2.366043,7.5247345
25689,0.56755066,2.5858612,6.6916656
25691,-1.3114624,2.011032,7.1108704
25693,-0.32104492,1.5292816,7.919388
25696,0.8635864,0.8069153,10.228088
25698,-0.21118164,-1.2320099,13.250946
25702,-0.6825714,-2.317215,14.549225
25703,1.8221283,0.019058228,11.18364
25705,1.3326416,2.6724243,7.754303
25707,-1.221283,3.8704987,6.808487
25709,-2.6374664,2.4056091,8.2391205
25711,-0.4333191,0.82388306,9.703354
25713,1.7420349,1.2542877,9.039597
25715,-0.36306763,0.73526,11.211746
25718,1.7514801,-1.9221497,12.021423
25720,2.425354,-0.1298523,10.436859
25721,-0.45126343,0.84539795,10.970444
25723,-1.6381226,0.7233734,10.562698
25726,-0.66638184,2.4821777,7.1877594
25733,-0.10316467,2.6372833,4.831604
25735,-0.41688538,3.8827667,2.919464
25738,-0.86958313,3.8192444,6.161545
25740,1.0687714,-1.1933594,15.393387
25741,2.5815735,-3.2748108,20.35141
25742,0.5041504,-3.4219513,16.957108
25744,1.0158386,-3.2680664,12.16745
25745,1.7502289,1.370636,8.8967285
25747,1.564148,3.7917328,6.770111
25749,-0.13716125,3.301712,5.2247925
25752,-0.67427063,2.9635468,5.3480225
25755,-1.0456543,2.859024,6.8638916
25757,-1.686264,2.9051666,7.292511
25758,-0.35569763,0.96040344,11.364502
25760,2.4215698,1.5915833,9.525696
25762,1.3530121,1.6290436,12.424713
25764,-0.8845825,-2.4380493,13.058228
25766,0.25881958,-2.006775,13.356766
25768,1.9689331,0.62397766,11.0073395
25770,0.39930725,2.028061,9.056564
25771,-0.76594543,2.6797638,6.1229553
25775,-1.2390137,3.431549,5.9094543
25779,-0.55410767,1.0320129,8.992615
25781,0.092422485,-0.6116791,11.949173
25783,0.92396545,-0.9369049,11.007736
25785,1.1029053,0.3719635,7.9647675
25787,-0.7806244,1.5416107,8.211838
25789,-0.6743469,0.38134766,11.695206
25792,0.97680664,-1.363617,14.118011
25796,1.5934601,-1.567337,13.38942
25800,0.39363098,-0.3849945,9.880539
25803,-0.40908813,2.1919403,5.9091034
25806,-0.044021606,4.3377533,3.7670135
25809,-1.0902557,4.2529297,4.5664215
25812,-3.0224304,1.1565247,9.974808
25814,-1.2528992,-1.1084747,13.399445
25817,2.3637085,-0.46295166,16.031952
25821,3.2676392,-1.1461182,13.954193
25823,1.679779,-1.1835938,9.664719
25824,-0.22766113,1.4384155,7.4024353
25826,-0.14967346,3.5680542,7.3705597
25828,-0.562973,1.8618011,8.865097
25830,-2.596344,1.6320496,8.845688
25831,-1.3401947,1.1989594,8.64772
25834,2.2164764,1.7506714,7.4713135
25837,2.065094,1.4846497,6.9372406
25840,-1.1689758,0.25325012,11.790787
25842,-0.82850647,-1.5328674,14.078064
25844,1.426178,-0.6313324,11.733673
25850,0.89945984,0.41293335,10.871094
25852,-1.0851898,1.5011292,10.347443
25854,-1.8117218,2.1467743,9.504074
25857,-0.43696594,2.0667877,8.261597
25863,0.9001465,2.5300293,6.3334503
25869,0.31181335,3.064804,6.234787
25874,0.20480347,1.2805328,8.445435
25880,0.8443756,-0.32595825,11.947464
25887,1.431778,-1.2649078,14.427856
25893,0.9810486,-1.5265808,16.020554
25900,-1.0681152E-4,-0.92707825,14.077194
25905,-0.596817,2.068573,8.741821
25911,-0.6241455,4.3035736,5.371048
25917,-1.0908508,4.0920563,3.717392
25924,-1.80719,3.7083893,3.6197052
25930,-0.777298,2.4251404,8.02475
25935,1.3371735,1.0584412,11.261688
25940,1.6447449,0.8261261,11.861008
25945,0.7409973,0.24769592,13.375931
25950,0.97883606,-1.2949219,13.125656
25955,1.4615173,-0.27819824,12.393387
25960,0.34783936,1.6040955,10.607697
25966,-0.30181885,2.6072693,8.702164
25971,-0.8338928,3.4604187,7.548172
25977,-1.4734497,2.8840637,7.5071716
25982,-2.0457153,1.5930023,7.7209015
25989,-0.5881653,2.3109741,6.046768
25995,-0.22949219,2.976059,5.5300903
26000,-0.7991791,1.291275,10.376007
26006,1.050354,-1.220932,15.844681
26011,1.8813324,-2.3836212,16.134583
26017,1.1584625,-1.9740906,13.929062
26022,0.4389801,0.4919281,10.363205
26029,0.12113953,3.0832825,6.6383514
26035,0.31222534,4.243271,3.566986
26041,-1.3141785,4.869446,2.9606323
26046,-2.5557404,2.5397491,7.614029
26053,-1.7618408,1.1082764,8.562836
26060,0.997406,0.50364685,16.375732
26067,2.4521637,0.29840088,17.970596
26074,0.42601013,-1.6139526,11.890305
26082,0.10916138,-0.3587036,9.269638
26089,-0.47776794,3.3225098,7.0500793
26096,-1.4878845,3.9307709,7.464798
26104,-2.5167847,1.2906952,8.264526
26111,-1.0596008,1.2030945,9.664337
26120,1.7895966,1.7679596,9.521301
26127,2.2423553,0.91781616,9.221176
26135,0.6659088,-0.2978363,8.988907
26145,0.24440002,0.08691406,10.098526
26152,-0.7197876,0.52638245,11.274551
26173,-1.8024902,0.35549927,11.934662
26180,-1.732666,0.4965973,11.367981
26188,0.6356354,1.2010498,8.687546
26191,1.0480042,1.7724304,7.046295
26196,-0.53634644,2.7074127,6.108032
26202,-1.6187592,3.064804,7.284256
26209,-0.5582428,0.04449463,11.341064
26215,0.941452,-2.359085,14.919479
26220,-0.1583252,-2.272232,13.6167755
26225,-0.49050903,-1.5656433,13.361664
26230,0.9867096,0.2944641,11.3155365
26235,1.1974945,2.5727386,7.31987
26240,-0.3155365,3.831604,4.2430115
26246,-1.076767,4.2663727,3.1571045
26254,-0.7092743,3.884674,5.1028137
26261,0.14564514,1.129715,11.529999
26268,1.4486084,-0.5759125,14.451752
26275,2.6158447,-0.17546082,15.181274
26282,1.8166962,-0.3617401,11.970825
26289,1.4705048,-0.82310486,10.025848
26296,0.4012909,1.991272,8.489761
26303,-0.23536682,3.2143097,7.916214
26309,-0.8113861,2.703354,8.634567
26314,-0.79089355,2.4927979,7.8645325
26317,-1.2740021,3.3859558,5.690613
26322,-1.5260162,3.5075989,6.582535
26329,0.8884735,1.3882751,10.497604
26335,1.4268494,-0.26783752,13.171188
26339,0.8003082,-0.8561554,13.740387
26346,0.17376709,-1.444458,14.309586
26352,1.2507172,-0.2795868,11.695374
26357,1.6473083,1.334671,9.125763
26363,0.20050049,3.162094,7.808853
26369,-0.022094727,3.368805,7.3062134
26377,1.0996399,3.199829,7.2286987
26384,0.18748474,1.9077759,8.103363
26389,-0.8144684,1.158493,10.44957
26393,-0.28607178,0.6164398,12.730392
26399,1.0207062,-0.39141846,11.162201
26405,0.39064026,-1.3539581,11.262573
26410,0.08253479,-0.22798157,11.076691
26416,-0.21443176,1.8160095,8.77327
26419,-0.9486847,3.7057495,6.225189
26423,-0.98446655,3.9041748,6.418869
26428,-0.3396759,2.2587738,9.448761
26435,0.28256226,-0.20222473,12.734497
26440,1.667099,-0.14730835,12.813965
26447,0.54397583,-0.562973,8.699051
26453,-0.91993713,1.2003326,9.161301
26458,-0.84313965,1.5724335,10.743149
26463,-0.08680725,0.61001587,11.1076355
26468,0.5212097,1.3948212,9.322784
26475,-0.035354614,2.6103058,7.1488037
26482,-1.0470123,1.954483,6.9759064
26487,0.067718506,1.4710846,8.816818
26493,1.9985809,0.84458923,9.577072
26500,1.8043213,0.9011841,9.893646
26506,-0.054016113,0.033798218,10.931656
26512,-0.4797821,-0.27079773,11.636795
26518,-0.48243713,0.09510803,10.578751
26523,-1.4085083,0.70484924,10.4478
26528,-1.0753479,0.7284088,11.035675
26533,0.34371948,2.1567383,8.501053
26539,0.30062866,3.1266174,6.0664673
26544,-0.44700623,3.9305725,5.7877197
26551,-0.36647034,3.4897614,7.781784
26557,0.116989136,1.4842682,11.502686
26564,1.8120422,-1.4338379,14.720245
26570,2.4122772,-2.1917725,16.169708
26575,1.9757843,-1.3500824,15.434525
26581,1.1490021,0.11047363,12.653656
26586,0.6561127,1.902298,8.648132
26593,0.8054657,3.8694916,5.0634613
26598,-0.66362,4.772522,2.6920624
26603,-2.9651337,4.0773163,3.687851
26609,-3.1754913,2.4623566,6.369873
26615,-0.8255615,1.8714752,9.300995
26621,1.4177704,1.633606,10.882965
26628,0.35264587,1.6899109,12.308258
26634,1.0441895,0.7400665,14.251053
26640,2.4662476,-2.8739014,12.7960205
26646,0.8587189,-1.2229767,11.961456
26652,-0.47325134,1.845108,10.4084015
26658,-0.47261047,2.5249481,9.191605
26664,-0.3170929,1.8077698,8.578461
26670,-0.44934082,1.3640594,7.4584045
26676,-0.7610626,2.0242462,5.7460327
26682,-0.892807,2.3992157,4.991562
26687,-1.9972534,1.9529877,8.601501
26693,-1.2093964,-0.76797485,14.013657
26700,0.82902527,-2.3560333,15.192917
26707,1.4241028,-2.155838,12.741089
26712,0.43852234,0.030731201,10.009766
26719,-0.13922119,3.36232,6.7618866
