38063,-1.3326569,0.36720276,10.563782
38065,-1.6338501,0.12593079,10.75618
38066,-1.9350586,-0.115356445,10.948578
38070,0.25332642,0.46177673,8.310745
38080,2.120636,1.6290283,4.270157
38082,1.08255,4.264496,3.8019257
38085,0.15644836,4.193619,4.673462
38087,0.6533203,1.4329224,5.5876007
38089,1.0097809,0.23265076,10.009644
38092,-2.0039368,-4.792816,15.737625
38095,-2.9409943,-5.9773407,22.735703
38097,-2.7918243,-9.134064,20.588303
38099,-1.8460999,-4.729019,11.886963
38102,-0.12104797,0.09655762,3.2738495
38105,0.7684021,0.66197205,-0.009277344
38107,0.10417175,0.09661865,0.028274536
38109,3.7861633,1.6252594,4.623581
38111,4.9450073,0.7748718,14.0390625
38114,-1.2832031,-1.8393555,10.7712555
38116,-3.5951996,-1.7730255,8.325119
38118,-3.9861603,-0.94506836,5.8316193
38120,-7.8693085,-2.5888062,11.156982
38123,-3.7503357,-6.196945,13.835983
38124,-0.36839294,-5.811096,15.111343
38126,2.306137,-1.5940094,10.120224
38128,1.7828827,1.4901428,2.096939
38129,0.070510864,0.93070984,2.8004913
38130,-0.76490784,-1.9475555,8.537201
38132,-1.6003723,-4.8259583,14.274185
38133,-0.13557434,-7.949402,16.005249
38134,1.0240326,-2.0364075,9.48793
38137,-3.0550995,1.5826416,2.1038666
38139,-6.6295013,2.804367,12.675873
38141,-4.256119,-8.785828,15.82312
38142,1.1676636,-8.402466,18.67015
38144,4.019287,-2.754242,12.235046
38146,1.6077728,0.08937073,4.1791687
38148,0.3566742,0.24951172,0.45295715
38150,0.12384033,0.2180481,0.017089844
38152,0.09062195,0.89527893,9.678543
38156,-0.75112915,0.120666504,14.144882
38158,-1.1280365,-6.6061707,14.987015
38161,-3.3556519,-1.8659363,6.2845
38163,-5.728714,0.13656616,5.119278
38165,-6.3210907,-0.9464569,14.231613
38167,-4.352112,-10.231888,26.288193
38169,0.79525757,-8.392441,19.568466
38171,2.9647827,-7.2746887,13.362518
38173,1.4045258,-3.4200592,4.0753784
38176,1.6582794,-0.19502258,1.4030457
38180,4.382477,2.3983917,3.0725098
38182,2.45253,2.0471954,1.6669006
38192,1.093689,1.1438599,0.7681732
38195,1.2049713,2.4590607,4.1556854
38197,-0.101623535,0.63105774,20.360886
38198,-3.6888733,-4.260269,23.485352
38199,-3.0018158,-6.1783752,11.128998
38202,-0.99061584,-1.7436371,7.350754
38205,-2.10437,0.48408508,6.9084473
38208,0.5244446,0.34388733,12.033279
38210,3.0926971,-1.6852112,8.739822
38212,3.96286,0.4256897,3.8776245
38215,2.448227,1.143753,-0.04852295
38218,0.4194336,0.35424805,-0.09039307
38222,0.07211304,0.17773438,0.12063599
38224,0.085510254,0.040405273,0.1822815
38226,1.0725098,-3.710495,35.914078
38228,-3.722641,-4.154373,17.634308
38231,-5.1336823,-2.7488098,14.5564575
38234,-4.958359,-3.699173,17.363098
38236,-2.4590607,-3.903717,14.093597
38238,-1.873642,-1.2737885,10.533081
38240,-0.81733704,0.2951355,6.2653046
38243,2.37146,0.71495056,0.792572
38246,4.2032776,2.9085083,-1.1449585
38248,3.396286,3.3492432,2.62677
38250,1.4313812,2.1270752,6.4308167
38251,-1.3652649,-4.811325,11.959656
38254,-5.427536,-10.607407,37.338013
38256,-2.444107,-5.3072968,9.572189
38260,-4.496399,-3.5305023,6.893402
38263,-7.6327972,-2.1493073,6.8463593
38266,-5.556473,-2.5445862,6.0360565
38267,-4.219101,-3.566986,7.882675
38270,-2.8195953,-0.26553345,9.816254
38272,-3.894577,-0.24926758,19.81157
38274,-3.4633484,-1.6807098,18.904861
38277,-1.8510742,-5.28598,16.89177
38279,0.8298645,-2.7329254,13.884537
38281,0.28483582,-1.148407,7.584839
38284,0.43302917,1.1477509,0.55607605
38287,1.1742249,0.7661896,0.9047241
38291,3.9691772,4.9018097,0.6508484
38295,2.035141,3.8041382,2.9861145
38296,-0.17680359,-0.3267975,4.8742676
38299,-1.3965607,-2.5256348,4.098175
38302,-4.224823,-7.1872253,9.859512
38305,-4.224182,-3.964569,11.914001
38307,-4.681961,-6.481018,15.258759
38309,-4.7374573,-5.629776,28.785522
38312,-0.19424438,-10.935684,14.290604
38315,1.7695923,-4.8266296,10.662964
38319,0.647583,-3.8641663,6.6361847
38325,2.7034912,-3.199768,7.221649
38327,5.5035706,-0.63168335,8.388687
38328,4.1362915,0.9542389,9.546555
38330,-1.452774,-2.6994934,14.3042145
38332,-1.4233398,-5.480072,16.970947
38334,-0.2548828,-4.1875916,13.192078
38336,-1.3270569,-0.7869568,8.066528
38339,-0.62220764,-0.52856445,2.1626434
38341,1.1302948,1.0442352,-1.7821503
38343,0.21766663,0.21936035,0.05419922
38345,1.9076843,0.89079285,2.559555
38347,5.565796,1.4597626,19.213058
38350,-0.27000427,-4.0636444,26.9478
38354,-1.948761,-4.189499,12.004898
38357,-4.071594,2.1457214,4.769989
38360,-1.575592,4.604965,7.416931
38362,0.5401459,2.0459442,11.845764
38364,-0.118011475,-0.5597687,8.853012
38367,0.76535034,-0.48501587,5.529724
38369,0.65174866,1.4251862,1.1115265
38371,0.432312,2.7153168,7.221161
38372,2.2332,-2.8198395,13.848419
38374,0.94317627,-3.344696,12.658569
38376,0.25767517,-1.4248352,9.033737
38378,-0.08375549,-0.996933,8.3602295
38381,-1.624115,1.4383545,11.254837
38384,0.47273254,-4.3901367,20.389557
38386,1.013855,-5.0015564,19.813263
38388,1.4982147,-2.297226,12.889893
38390,1.9256744,1.6731873,4.06781
38391,0.8393097,4.007538,-1.2796478
38394,-0.19650269,0.073638916,-0.032104492
38396,0.067092896,0.009216309,-0.10018921
38398,-0.018737793,0.10618591,0.005844116
38400,-2.664917,-1.9766235,21.89386
38403,-2.8904724,-4.6815186,15.2756195
38406,-0.6669922,-2.0060425,9.194275
38409,0.5939026,-4.4207,12.590378
38412,2.8103638,-3.4186554,14.10141
38414,1.9615631,-1.6169128,12.419373
38416,-0.6976776,-1.1364899,10.40657
38418,-1.368393,-1.8344421,8.595657
38423,-0.12913513,-2.0492096,6.9861603
38429,3.2196045,-1.3310394,4.89357
38433,3.9244995,3.2173157,4.2753143
38437,3.067978,4.2683716,4.0567017
38439,2.1120605,2.031845,6.8042297
38444,2.6589813,-5.871414,8.461365
38449,2.5467682,-12.422836,16.465973
38454,-0.533844,-11.83548,11.908447
38470,-4.509308,-14.159134,11.930023
38472,-2.1793518,-11.991257,10.589478
38473,-1.2338104,-4.8632355,11.01416
38475,-2.3762054,-2.3187103,9.932724
38480,-2.625702,-3.3579407,8.804657
38485,-2.447174,-2.5758667,3.342102
38491,-1.5527191,-1.6798096,2.6604004
38499,-2.0926208,-1.3894196,6.0675354
38503,-1.4483795,-1.2605133,13.205032
38509,-1.7325287,-2.0737305,12.756668
38515,0.22943115,0.23608398,10.352554
38521,1.3481293,-0.046173096,9.0156555
38527,-0.22218323,-0.16200256,7.7065887
38532,1.9063416,0.14749146,6.4563904
38539,3.9492798,1.509903,5.4777374
38547,4.7493744,2.696579,4.4145203
38553,6.499359,5.902115,9.189987
38560,5.5901337,-0.9895172,11.303131
38567,2.3996582,-10.867996,15.128815
38572,-1.3851318,-11.033203,20.188385
38577,-2.86026,-9.118439,14.626587
38592,-2.039856,-4.3795624,6.4848785
38597,-0.62361145,-0.04196167,2.4767609
38602,1.7476349,3.6318817,1.3149567
38608,3.9754639,3.081894,4.667282
38614,3.853897,4.009247,3.9184265
38620,-0.47644043,3.5003204,4.5489807
38626,-3.9463654,-3.062622,9.35083
38633,-1.2758789,-6.592209,12.291519
38641,-0.5769501,-2.9205933,11.96756
38646,-3.7120972,-3.2118835,13.620438
38652,-3.897461,-5.880707,15.325226
38659,0.8047943,-6.1757355,13.333969
38664,2.2614746,-2.5379639,8.109711
38670,2.3411102,-0.8061676,2.4326935
38677,1.7075195,1.3007965,0.8140259
38683,1.9798126,1.8755951,2.9518127
38689,2.6264343,1.8308716,4.085373
38695,-3.219574,-3.0825195,12.712509
38699,-6.091873,-7.5924835,21.28064
38704,-2.7407684,-8.859543,13.682327
38708,-0.43185425,-4.1270447,11.741928
38713,-0.96307373,-2.1781769,9.420502
38720,0.2566681,-0.75723267,5.7875977
38724,1.3182373,0.75239563,1.1228943
38728,0.7331543,1.8225098,-0.5790558
38732,0.10261536,0.628067,1.1754608
38736,0.20429993,1.7597198,15.224716
38752,-3.862793,-4.6489563,16.280182
38754,-4.5302124,-5.700302,16.747147
38756,-2.34227,-3.1340942,11.096268
38758,-1.7416077,-1.4860382,5.4017334
38760,-1.7000122,1.6521149,2.4494781
38761,-0.012252808,3.0802612,6.1558685
38764,2.1770172,2.2144012,7.04953
38766,1.898819,-0.75312805,6.3716736
38768,-0.73376465,-0.7012634,10.645294
38772,-4.3200684,-1.766098,12.230148
38775,-5.9824524,-6.5145416,18.128159
38776,-5.008774,-7.638077,18.6324
38778,-1.2659149,-4.6381836,11.804672
38781,0.5487976,-1.457489,5.5175934
38782,1.1181641,1.9869843,1.0270996
38785,1.8681793,3.1700287,1.5745392
38788,2.1697998,3.520935,2.8274689
38792,1.5346985,2.3251343,7.9750366
38795,-1.3264923,-1.4790802,6.781204
38799,-10.432968,-10.359222,27.195465
38802,-2.643097,-6.0141144,15.071594
38804,-1.9772186,-6.486786,13.141113
38806,-1.2862701,-4.2341156,11.138794
38809,1.6913452,-1.7784119,6.942505
38811,2.83844,2.6179962,4.0050354
38813,0.47535706,6.788315,3.6226807
38816,-0.3053131,6.751938,6.3930054
38820,-0.9863281,-1.0843658,4.280136
38823,-1.8711548,-7.302353,15.8684845
38825,-0.513443,-7.9516296,18.71019
38828,-0.6667023,-4.5720673,10.864639
38830,-2.136261,-2.9822388,5.841278
38833,-0.44178772,1.2719116,6.242111
38836,1.1131439,4.4470673,7.5426483
38838,-0.21905518,3.468933,7.814087
38840,-2.0470734,-3.9154968,10.8255005
38843,-0.2035675,-4.6789856,14.653275
38845,-1.2385254,-5.5879517,11.594772
38848,-2.5977478,-3.018509,12.76181
38851,1.1486816,-1.2586975,10.976288
38855,2.0704956,2.0609741,7.3399353
38857,1.9804382,3.9247131,4.5970306
38860,-0.72779846,1.3005981,7.6905975
38862,-2.375473,-3.7169952,12.594223
38864,0.075546265,-4.433304,12.389893
38866,0.53445435,-3.9069061,9.764923
38868,-2.4813995,-1.7931366,8.269485
38870,-3.2797546,1.511734,6.0602417
38871,-1.1769714,3.432129,4.369156
38874,1.3069153,1.6375275,5.2336884
38879,2.1661377,-2.8227386,11.815353
38887,0.18115234,-5.2551575,15.325943
38890,-1.3504181,-3.420227,22.8853
38893,-1.3870087,-6.183792,10.098755
38896,-3.2225647,-3.739441,10.193878
38899,-2.882721,-1.587265,10.231689
38901,-0.6887665,-0.6300049,6.1546936
38904,1.3705902,0.8649597,2.7848358
38906,2.9931946,3.0971832,4.603485
38907,0.09793091,3.0255127,3.7680511
38909,-0.30470276,-0.4388733,5.3735657
38911,-1.988327,-6.8387604,17.784973
38913,-5.046692,-6.524719,20.141449
38916,-3.389679,-6.9774323,13.3181305
38919,-3.4284973,-6.903534,11.527512
38922,-1.7063904,-4.5754395,9.29129
38926,1.583847,0.2003479,5.452774
38929,2.9434967,2.7615662,2.147461
38932,2.2390137,2.8711548,0.44830322
38937,1.4478302,2.339676,4.421097
38940,-0.14482117,-0.86372375,11.264709
38944,-3.580185,-3.3229065,12.769974
38945,-6.5251465,-2.4576569,18.659988
38948,-4.5986176,-4.261261,17.344803
38951,-0.7420807,-4.017151,11.9566345
38953,0.22770691,-1.5244446,5.9631195
38956,0.10153198,1.0796356,2.6735077
38960,0.26190186,0.31144714,0.21435547
38963,0.21696472,0.1602478,0.0013580322
38966,2.9326172,1.0792847,4.207596
38969,8.19603,-9.631119,22.183105
38973,3.3330994,-8.889404,20.41275
38976,-0.8115082,-5.889786,11.585785
38979,-3.4158325,-1.9178925,3.9360962
38983,-3.0765839,1.7561951,2.4860382
38986,-1.0449371,3.0052643,1.6072083
38989,0.03437805,2.47258,3.3972015
38992,3.202652,2.455597,18.161072
38993,-0.1942749,-1.586441,5.565872
38996,-1.8812714,0.5664215,6.7989197
38999,-3.7004852,-0.61950684,10.825043
39001,-3.8044891,-3.4849243,18.147522
39003,-5.0403137,-7.71492,21.41571
39005,-5.6849213,-7.4928284,17.561035
39008,-2.3376465,-6.297592,12.153534
39011,1.0789795,-1.7066193,4.1726837
39013,2.8563385,2.2649841,0.8963165
39015,4.6560974,3.7957916,2.3448792
39017,6.623352,5.7197266,-0.1519928
39020,5.2257233,3.3749542,0.04083252
39026,1.4998779,-0.89115906,5.744644
39029,-2.524231,-3.2826843,8.265396
39032,-5.181549,-5.012512,11.781326
39035,-6.689331,-4.9783936,20.413605
39038,-6.6322937,-10.616165,21.087143
39040,-7.2003174,-9.604935,14.972931
39043,-6.2843018,-5.760803,9.109589
39046,-2.6191864,-2.39534,4.828186
39049,1.4160919,0.72102356,2.074936
39052,1.7695465,1.1956482,0.3711853
39055,4.7279053,1.7222595,1.6816711
39058,4.063919,3.488037,1.646286
39061,0.97076416,1.5120087,2.778366
39063,-1.0488586,0.22512817,5.933838
39065,-3.5856323,-3.302475,22.607239
39068,-3.8107452,-2.8549347,18.824661
39072,-4.457245,-7.187027,19.287506
39076,-3.8404388,-7.4238586,14.825729
39079,-3.537735,-6.356018,9.386337
39082,-1.7133179,-4.2214203,5.539856
39084,1.4269867,-1.2170868,1.931015
39086,2.6079102,1.8041077,0.92266846
39088,2.1621094,3.842575,4.4170837
39091,3.0785828,3.3447113,7.0906525
39094,1.8100891,0.28103638,4.526428
39095,-4.941025,-4.0069275,14.060699
39098,-6.7511597,-5.906616,21.385544
39100,-4.586258,-7.3601227,13.973938
39103,-4.773575,-6.303009,12.23262
39105,-0.4512329,-3.6635437,9.574738
39107,3.0808868,-0.20780945,4.98407
39109,3.8519287,3.4595032,0.46705627
39111,3.4159393,3.6939545,2.7749481
39113,2.652832,4.1025696,4.0043793
39115,2.2274933,1.3705444,7.996475
39117,-0.9226074,-3.0436096,9.08905
39119,-5.377899,-5.167465,17.426727
39121,-2.0335999,-5.7699738,13.07901
39123,-3.166626,-3.823349,9.22612
39125,-3.9883728,-6.334656,11.4079895
39127,-0.11630249,-4.251251,11.3294525
39129,1.8202515,0.25564575,6.13797
39131,2.1746216,3.707199,1.4803162
39133,0.74749756,3.291397,2.5091553
39136,-1.1846313,3.8143768,9.898926
39138,0.10348511,0.6233978,3.468567
39140,-2.9875793,-4.312622,6.975815
39143,-5.1318665,-5.1059265,21.364487
39146,-4.4348297,-8.115204,16.897537
39148,-3.0825958,-6.582535,12.473389
39152,-0.15776062,-3.5779724,9.513763
39158,1.6381226,0.11289978,6.53981
39161,2.725418,2.3348694,3.6024933
39164,4.301834,3.6268005,2.1425629
39168,1.8864594,2.0011292,2.8037567
39174,0.15983582,-1.229599,12.7798
39180,-2.659729,-5.595688,20.699966
39187,-3.0717773,-7.9233246,18.687408
39194,-0.42541504,-8.537506,16.093811
39202,-1.5218201,-7.5265656,11.703003
39208,-2.0692139,-2.7750702,5.545807
39215,-0.5329895,0.7646332,2.846817
39222,1.2219849,3.2763977,1.2676544
39228,1.8438721,3.99469,3.2312927
39234,-1.0837555,4.0876465,10.348419
39240,-1.4756927,-0.88235474,3.6973267
39249,-2.8637543,-3.578003,5.415512
39256,-4.00354,-5.527466,20.061722
39263,-2.306366,-9.536865,14.812286
39271,-2.8411407,-9.556824,13.924576
39279,-1.5582123,-7.649582,13.07077
39284,2.2613373,-3.4279633,9.690323
39290,3.9987488,0.60621643,5.60347
39296,3.8880005,4.5445404,0.96655273
39303,2.4852905,3.820984,3.9212646
39308,0.36616516,6.9192047,7.06485
39314,-1.314621,6.8675537,5.5928955
39319,-2.3192596,2.2927246,7.9079437
39324,-3.3238983,-2.2821045,10.222977
39328,-4.328537,-6.8569336,12.538025
39333,-4.953598,-14.559784,22.291794
39339,-2.5458832,-6.3007965,11.215317
39344,-0.06742859,-4.8411407,10.142471
39348,2.9850922,-0.26391602,8.318344
39350,2.1114044,2.7899017,3.8331146
39353,0.37846375,3.9828491,2.2462769
39355,0.4434662,2.0398102,5.007263
39359,2.0320282,-5.632309,12.888443
39363,-0.7983246,-5.1374207,11.597153
39367,-0.9658356,-6.101166,14.1202545
39371,-1.5150452,-6.4761353,15.581039
39375,-0.7140045,-5.623169,16.283157
39380,0.6170349,-2.5632172,12.701279
39384,1.0994415,0.34681702,7.7887726
39389,1.0041351,2.951477,3.189621
39395,1.3308716,3.7912445,0.9235077
39400,0.4194336,3.3125916,2.4683533
39406,0.078933716,3.5052948,3.9587555
39412,-0.87623596,-0.5561371,3.646408
39420,-1.5961761,-2.9960785,5.378067
39427,-2.6078186,-17.744263,28.623428
39448,-0.26983643,-7.408127,16.00827
39453,1.2390137,-7.318207,11.652527
39458,0.32958984,-4.338913,10.183609
39464,1.6004333,-1.5790253,7.719467
39469,3.5471802,2.5059662,4.095932
39474,1.7629395,3.3349152,2.9534454
39479,0.59135437,5.6981964,3.3901825
39485,-0.07600403,5.248184,5.454178
39491,0.61624146,-1.3329163,2.7795258
39498,-0.2316742,-5.539749,9.704819
39503,-0.51068115,-9.901718,20.00856
39510,-0.33261108,-6.8407135,13.807205
39516,0.09654236,-6.1616364,9.713043
39522,0.3222351,-3.4739532,11.444214
39529,2.1112518,-0.8779297,7.923706
39534,2.474823,2.704544,5.316162
39539,1.8620453,3.2600708,1.6698151
39545,0.87965393,3.5765076,1.2191162
39551,-0.04272461,3.8978271,3.4670563
39557,-0.32051086,0.70854187,3.0704956
39562,0.08621216,-3.6090698,8.33638
39567,2.2091675,-7.7646484,31.752182
39573,-0.19488525,-6.685608,17.459457
39578,0.7436981,-6.70047,13.985779
39583,0.43400574,-4.342514,11.795471
39590,1.3379669,-1.3770142,8.6175995
39595,3.7885437,2.446762,4.7066956
39600,0.75006104,4.068756,2.6979218
39606,0.35333252,3.1348724,3.6625366
39612,1.9557953,-0.353714,6.658371
39619,1.5527191,-6.0963135,21.991058
39626,0.8632965,-6.189148,16.67955
39633,-0.46429443,-6.1907654,7.7444305
39641,-3.7737885,-4.479309,8.06604
39649,-3.736847,-2.3791046,8.945587
39656,-0.34475708,-1.2348938,8.778793
39664,2.0414886,0.39587402,6.933853
39672,0.8703766,2.4993134,5.655731
39676,-0.30055237,3.3821716,4.102051
39680,-0.31663513,2.0309143,6.5399475
39686,0.07084656,-2.2404633,13.511719
39691,0.1660614,-3.8978271,18.568802
39698,1.2015076,-6.4986267,18.873383
39706,1.7194214,-4.2673187,12.541733
39713,0.7472229,-1.5952606,6.481827
39721,-0.23678589,-0.013381958,2.5069733
39729,0.24745178,1.6573639,0.105163574
39736,0.068603516,1.063736,2.0916138
39744,0.79296875,3.251648,15.539459
39753,1.8804321,-6.984955,16.529297
39760,-1.8703766,-6.349762,13.249893
39766,-3.1459045,-3.4560242,10.377029
39773,-1.7665558,-1.539093,9.124451
39776,-3.3498535,3.6494293,7.410736
39779,-2.8510132,1.3949585,12.316925
39780,2.3994598,-5.950653,18.576569
39783,2.8850708,-3.969757,15.23204
39788,2.7515106,-0.5121002,8.069183
39793,3.441391,2.4185944,1.8226471
39798,2.265396,1.9148254,-0.3795929
39804,0.15872192,0.1081543,-0.09396362
39809,0.044891357,0.009048462,-0.09648132
39817,-0.92045593,-0.3163147,0.7167206
39822,-7.46257,-10.294067,15.923294
39823,-3.9285278,-11.867218,20.485474
39825,-1.6544342,-2.9531097,9.8546295
39827,-2.7938843,0.22158813,11.530472
39830,-2.0651093,-0.07685852,11.718948
39833,0.9091644,-0.2802124,10.613281
39838,2.6091309,1.0469513,7.7987976
39843,1.3813324,2.4454346,2.0589294
39847,1.42836,2.2147827,1.0493774
39853,1.6023407,2.069107,0.3671875
39859,-0.19366455,4.7687836,4.4915924
39864,-5.3941345,0.35731506,9.960083
39869,-6.7220154,-8.338699,18.164398
39874,-3.2826233,-11.4804535,26.43367
39882,0.5790405,-9.474915,16.652313
39890,-0.32881165,-7.547577,12.247009
39898,2.5401459,-4.4151917,6.4349823
39905,4.7261505,0.20040894,2.745819
39912,3.755249,1.7767792,0.7813873
39920,3.0834198,1.5454407,1.1701202
39927,3.1787567,2.1151428,-0.33683777
39933,0.038375854,3.4213715,9.646118
39938,-1.3306122,2.750885,3.0005493
39944,-3.2870026,1.4349823,4.6753387
39948,-5.066086,0.9347992,6.513382
39956,-5.3898315,-5.358139,27.663925
39963,-3.0582733,-9.319565,17.955841
39968,-0.8734894,-9.104813,16.672134
39974,-0.8253937,-9.103439,16.805206
39982,0.77838135,-5.9985657,12.818176
39989,2.2988281,-1.4703217,7.6080933
