14253,-0.8805542,0.5814514,10.281952
14260,-0.9451599,0.62213135,10.210175
14266,-0.68673706,0.8039856,9.800995
14268,-1.0695953,0.8661957,9.74118
14281,-1.0887299,0.9260254,9.657425
14284,-0.65802,1.0432739,9.401398
14287,-0.12921143,1.105484,9.501892
14291,0.28234863,1.1437683,9.243469
14300,0.112457275,1.2012024,8.748154
14303,0.5264282,1.2107697,9.023331
14306,0.13400269,1.3423767,9.035294
14309,-0.4091797,1.4165497,9.310471
14311,-0.69869995,1.6821594,9.525833
14314,-0.36849976,1.5984039,9.516251
14317,-0.5407715,1.8544312,9.200409
14321,-0.8638153,2.3904266,8.413162
14326,-1.0887299,2.4741821,7.5373993
14330,-0.78723145,2.3162537,7.3938293
14334,-0.8685913,2.0243225,8.149948
14339,-0.6029968,1.5170441,8.638092
14343,-0.31825256,0.59103394,9.035294
14346,0.31106567,0.110076904,10.102493
14349,0.4905243,-0.25602722,10.880173
14353,-0.22253418,-0.06939697,11.284546
14356,-1.2562256,0.6412811,11.040482
14361,-1.8568268,1.4763641,9.951752
14364,-2.0171509,2.0219421,9.257828
14367,-2.222931,1.8281097,9.633499
14371,-1.0121613,0.61016846,11.662613
14374,-0.279953,-0.275177,11.964111
14377,0.9882355,0.4091797,10.214966
14380,0.13160706,1.4691925,7.865204
14384,-0.55274963,2.6392822,6.0801697
14388,-0.8159485,2.9407806,5.986847
14392,-0.9260254,2.1032867,7.3914337
14394,-0.50727844,0.46180725,10.17189
14397,0.21534729,-0.78723145,12.074188
14400,-0.45703125,-0.23210144,11.344376
14404,-1.1078796,1.0265198,9.556931
14408,-1.8352966,2.222931,7.630707
14412,-2.5052795,2.7493591,6.735794
14418,-2.7397766,2.136795,8.063812
14422,-2.2205353,1.2610168,9.537796
14426,-0.87338257,-0.3062744,11.767899
14432,0.5647125,-0.7992096,11.698517
14437,-0.062210083,0.098098755,10.15036
14442,-0.3397827,1.2729797,8.671585
14448,-0.8805542,2.2755737,7.1066895
14453,-1.483551,2.4885406,7.3698883
14459,-1.6319122,1.9238281,8.6979065
14465,-1.3686981,0.9882355,10.394424
14470,-0.27757263,0.007171631,11.289337
14475,0.12921143,-0.06700134,11.408981
14480,0.5048828,0.4283142,10.425522
14485,0.21534729,1.036087,9.71965
14490,-0.4019928,1.483551,9.049652
14498,-0.88534546,2.2492523,8.188232
14507,-1.0169525,2.5459595,7.848465
14520,-1.0887299,2.2085724,8.468201
14525,-1.0791626,1.3256226,10.126419
14528,0.2416687,0.37088013,10.741379
14532,-0.055038452,0.33738708,11.035706
14536,-0.59580994,0.41635132,10.451843
14540,-0.7034912,1.2322998,9.377472
14545,-0.83509827,2.0075836,7.590027
14550,-1.2035828,2.045868,7.1976166
14555,-1.5888367,1.3567352,8.827118
14560,-1.1174469,0.67477417,9.858429
14565,-0.9786682,0.6269226,9.812973
14571,-0.9308014,0.36131287,9.714859
14576,-0.825531,0.15074158,10.87059
14581,-0.41156006,-0.093322754,11.325226
14586,-0.64845276,0.01914978,10.82753
14589,-0.38046265,0.6197357,9.812973
14595,-1.306488,1.3088684,8.566299
14599,-1.9333954,1.8807526,7.903488
14604,-1.935791,1.6869354,8.523239
14608,-1.4644012,1.0959167,9.169296
14610,-1.4189453,0.59580994,9.789032
14615,-1.0073853,-0.19381714,11.21994
14621,-0.25602722,-0.46899414,12.095718
14627,-0.5694885,0.28953552,10.99263
14633,-1.1437683,1.3997955,8.549561
14639,-2.033905,2.3521423,6.6424713
14644,-2.1296082,2.8259277,6.5276184
14649,-1.8544312,2.4813538,7.2957153
14653,-1.5457611,1.483551,8.394028
14657,-1.2993011,0.8231354,9.633499
14661,-1.3830566,0.62213135,10.236496
14665,-1.3399811,0.36610413,10.523636
14669,-1.1940155,0.34934998,10.645676
14673,-1.1724854,0.28234863,10.715057
14678,-1.529007,0.7680969,10.013962
14682,-1.8352966,1.4045868,8.652451
14688,-1.6007996,1.6414795,7.939392
14694,-1.4165497,1.5218353,7.927429
14699,-1.5816498,1.2370911,8.204987
14705,-1.7850494,0.38763428,9.623932
14711,-1.1270142,-0.5670929,12.323044
14717,-0.99780273,-0.92362976,12.873383
14721,-1.2322998,-0.4091797,11.241486
14727,-1.3830566,0.8279114,8.805588
14731,-1.6701965,1.9669037,6.833908
14736,-1.7084808,1.9692993,6.821945
14740,-1.6678009,1.3663025,8.236099
14745,-1.9286194,0.72024536,9.585648
14751,-1.3950195,-0.38763428,11.296524
14756,-0.062210083,-0.98583984,12.918854
14761,0.088531494,-0.55513,11.353943
14767,-0.55752563,0.8542328,8.609375
14773,-1.4333038,2.342575,6.357727
14779,-2.1918182,3.036499,5.69252
14792,-2.5100708,2.2181396,7.1114655
14796,-2.3808594,0.6963043,9.647858
14801,-1.1270142,-0.89730835,12.291931
14804,0.6508484,-1.6438751,14.084152
14811,0.25125122,-1.0265198,12.136398
14814,-0.7776642,0.7417755,8.731415
14818,-1.9501495,2.3665009,6.795624
14824,-2.3162537,2.802002,6.233307
14829,-2.148758,2.0482635,7.750351
14836,-1.7754669,0.92123413,9.446869
14842,-0.8757782,0.18185425,10.707886
14847,-0.24885559,-0.026321411,10.868195
14854,-0.40678406,0.14117432,10.473389
14859,-0.0765686,0.32063293,10.174286
14865,-0.1531372,0.6125641,9.564117
14870,-0.3062744,0.8494568,9.078369
14873,-0.5886383,0.9499512,9.221939
14878,-0.31106567,0.76330566,9.559326
14883,0.114852905,0.6029968,9.920639
14889,0.21774292,0.6316986,9.851257
14894,0.2679901,0.9571228,9.300903
14899,0.086135864,1.3615112,8.946762
14903,-0.0382843,1.6319122,8.547165
14906,-0.062210083,1.6486511,8.420349
14909,-0.07417297,1.2993011,8.927628
14912,0.6508484,0.87338257,9.621536
14914,1.5337982,0.29193115,10.169495
14917,1.7611237,0.37088013,9.867996
14921,1.0480499,0.83987427,8.913269
14924,-0.16270447,1.454834,8.946762
14927,-0.100494385,1.5361938,8.827118
14930,0.43788147,1.454834,9.073578
14932,0.72502136,1.0743713,9.0759735
14935,0.2368927,1.1270142,8.585449
14938,0.22492981,1.3495483,8.228912
14942,-0.17706299,1.5744781,7.475174
14946,-1.414154,1.3758698,6.106491
14950,-1.627121,0.34217834,7.927429
14955,0.59580994,-1.1485596,11.196014
14961,-1.2299042,-1.9501495,12.351746
14967,-3.4576263,-1.2610168,12.411575
14973,-4.08934,-0.20578003,11.265411
14978,-3.3116608,-0.45703125,10.226929
14982,-0.7848511,-1.5457611,11.763123
14985,0.088531494,-1.5218353,12.01915
14990,-0.21057129,-0.7082825,10.042679
14995,-0.6963043,0.15792847,8.286346
15001,-2.3114624,1.1988068,7.5086823
15008,-1.7682953,1.2873383,8.303101
15012,-1.483551,0.7130585,9.772293
15017,-0.78723145,-0.0143585205,11.069199
15021,0.14596558,-0.31585693,11.581268
15026,0.8542328,-0.22013855,10.920837
15034,0.69392395,0.92123413,8.662018
15049,-0.3134613,2.268402,6.4055786
15054,-1.2227325,2.1942139,6.7453613
15059,-1.8783722,1.282547,8.061417
15065,-1.9501495,0.23449707,10.09053
15067,-1.0169525,-0.275177,11.133804
15070,-0.29193115,-0.33259583,11.203201
15075,-0.3254242,0.07896423,10.138397
15080,-1.0049896,0.7465668,8.772095
15087,-1.2562256,1.0145569,8.169098
15091,-1.1509552,1.0671997,8.054245
15096,-1.7539368,1.1126556,7.657028
15101,-2.0315094,0.933197,7.8963165
15106,-1.8903351,0.42591858,8.528015
15111,-1.5936127,-0.4785614,9.655045
15116,-1.2538452,-1.031311,10.983063
15122,-1.2466583,-1.4045868,11.985657
15126,-0.24406433,-1.9788666,12.708282
15132,0.42114258,-1.7970123,11.827728
15135,-0.0023956299,-0.68673706,10.10968
15139,-0.7513428,0.5168457,8.556732
15142,-1.3926239,0.94755554,7.980057
15148,-1.1413727,0.8805542,8.360519
15155,-0.74417114,0.8446655,8.817551
15162,-0.38285828,0.27038574,9.4253235
15166,0.26560974,-0.47616577,10.609772
15169,1.3136597,-1.1605225,11.873184
15172,1.2634125,-0.8183441,11.540588
15175,0.19142151,0.102890015,9.942184
15178,-0.4355011,0.8829498,8.779266
15180,-0.35414124,1.380661,8.094925
15184,-0.1483612,1.5314026,7.7527466
15188,-0.107681274,1.1150513,8.0733795
15191,0.7082825,-0.5168457,10.363312
15196,1.7060852,-1.1318054,12.440292
15201,1.1940155,-0.6316986,11.337189
15205,0.0023956299,0.67477417,8.918045
15210,-0.7776642,2.0985107,7.166504
15215,-0.8614197,2.3665009,6.867401
15218,-0.8901367,1.6749725,7.992035
15221,-0.33738708,0.18664551,10.140778
15225,0.50727844,-0.41874695,11.717651
15229,0.46420288,0.27038574,10.430313
15234,-0.31585693,1.1030884,9.128616
15238,-0.79681396,1.552948,8.793625
15242,-0.8805542,1.6366882,8.566299
15247,-0.88534546,1.6988983,8.420349
15252,-0.8159485,1.2299042,8.793625
15256,-0.24885559,0.6699829,9.753143
15260,-0.25125122,0.6269226,9.856033
15265,-0.66041565,0.8805542,9.7005005
15269,-0.54556274,0.80877686,9.772293
15273,-0.3517456,0.6077728,10.301102
15279,0.20100403,0.25125122,10.461426
15287,0.1986084,0.2679901,10.159927
15291,-0.062210083,0.71066284,9.729218
15293,-0.04067993,0.95474243,9.427719
15297,-0.009567261,1.4117584,9.142975
15301,-0.21774292,1.7706909,8.295914
15305,-0.29670715,1.8664093,7.606781
15309,-0.40438843,1.6295166,8.047058
15311,-0.114852905,0.9451599,8.73381
15315,-0.0765686,0.07417297,10.198212
15320,0.29670715,-0.26081848,11.7391815
15325,0.2416687,-0.28953552,11.782257
15331,-0.19621277,0.4402771,10.722244
15335,-0.5670929,1.3328094,9.418152
15340,-0.7848511,2.0147552,8.092529
15344,-1.002594,2.3282166,7.2933197
15349,-0.89730835,2.0482635,7.4990997
15354,-0.7034912,1.0815582,8.542374
15358,0.071777344,-0.21774292,10.894516
15361,0.6628113,-0.71066284,12.124435
15366,0.52163696,-0.19142151,11.148163
15371,0.17228699,0.7800598,9.702896
15375,-0.3254242,1.5768738,8.599808
15381,-0.7657013,1.7324066,8.17627
15387,-0.90448,1.4979095,8.384445
15391,-1.0265198,1.208374,8.630905
15396,-0.6652069,0.6795654,9.066406
15401,-0.21296692,0.033493042,10.375275
15406,0.059814453,-0.39242554,11.655441
15411,-0.12921143,-0.112457275,11.34198
15416,-0.5024872,0.7130585,10.066605
15422,-1.0791626,1.5601196,9.260223
15427,-1.380661,1.8472595,8.762512
15431,-0.98583984,1.6725769,8.874985
15435,-0.8279114,1.3974152,8.997009
15440,-0.55513,1.1509552,8.910873
15446,-0.550354,0.90927124,8.982651
15452,-0.16749573,0.279953,9.865616
15457,1.1916199,-0.73220825,11.935394
15465,0.5407715,-0.6963043,11.988037
15470,-0.42114258,0.124420166,10.963913
15476,-0.45224,1.0624084,9.250656
15481,-0.35414124,1.861618,8.310272
15488,-0.72502136,2.4741821,8.140381
15494,-1.5625153,2.761322,7.7527466
15498,-1.8687897,2.7900238,7.6426697
15502,-1.7515411,2.6273193,7.4560394
15507,-1.1868439,2.0195465,7.6211395
15513,-0.7680969,0.92123413,8.776871
15518,0.9451599,-0.9834442,11.452057
15523,1.8999023,-1.0624084,12.524033
15528,0.9667053,-0.3254242,10.636093
15534,-0.023925781,1.0456696,9.171692
15538,-1.1868439,2.1870422,7.9537354
15544,-2.1798553,2.8163452,7.1856537
15557,-2.9024963,2.4622192,7.625931
15560,-2.1966095,1.5170441,8.690735
15562,-1.8448639,0.71784973,9.753143
15565,-0.8757782,0.39959717,10.169495
15574,-0.550354,-0.32063293,11.009384
15577,-0.35414124,-0.275177,11.693726
15582,-0.5431671,0.12921143,11.1362
15588,-1.1916199,0.7800598,9.829712
15593,-2.096115,1.6654053,8.642868
15598,-3.0317078,1.6917267,8.8701935
15603,-2.5292206,1.3926239,9.3511505
15608,-1.6414795,1.282547,9.262619
15613,-0.87338257,0.99302673,9.195618
15618,-0.48095703,0.5479584,9.604797
15623,-0.5383911,0.31106567,10.243668
15628,-1.2897339,0.34457397,10.861023
15633,-1.7108612,0.5048828,10.700699
15638,-1.6319122,0.8063812,9.786652
15642,-1.3902283,1.2514496,8.922836
15647,-1.701294,1.3926239,8.262421
15652,-1.5505524,1.071991,8.401199
15658,-0.8159485,-0.124420166,10.262817
15664,0.38763428,-0.6771698,11.889938
15670,0.43310547,-0.35414124,11.679367
15675,-0.5312042,1.0073853,8.805588
15681,-0.92123413,2.371292,6.2476654
15687,-0.98583984,2.8953094,6.3912354
15693,-1.4069824,2.3306122,7.848465
15698,-1.7730865,1.6079712,9.334396
15702,-1.552948,0.4402771,11.028519
15705,0.2632141,-0.0023956299,12.01915
15708,0.72024536,0.23210144,10.475784
15710,0.37327576,1.3639069,8.429916
15714,-0.0765686,2.3066864,7.4727783
15717,-0.48335266,2.4669952,7.6785736
15721,-0.97387695,2.0985107,8.386841
15723,-1.3447723,1.4524384,9.690933
15725,-0.4283142,0.73220825,10.80838
15727,0.39720154,0.21057129,11.4664
15731,0.68196106,0.47616577,10.70549
15734,0.40678406,1.2705841,9.406189
15738,-0.22970581,1.9405823,8.549561
15744,-0.8518524,2.2253265,8.429916
15748,-1.1222382,2.222931,8.487335
15753,-0.9762726,1.7611237,8.817551
15759,-0.29193115,0.8949127,9.899109
15765,0.18664551,-0.047851562,11.571686
15769,0.13400269,0.050247192,11.791824
15774,-0.105285645,1.2251282,9.442078
15779,-0.45703125,2.2133636,7.7647095
15784,-0.928421,2.7110748,7.807785
15789,-1.4428711,2.5627136,8.365311
15796,-1.3136597,2.1678925,8.575882
15803,-0.6316986,1.524231,9.092728
15815,0.39482117,1.0265198,9.736389
15817,0.77526855,0.6915283,10.1766815
15823,0.92123413,0.5001068,10.372879
15832,1.1222382,0.40438843,10.695923
15835,0.59580994,0.99302673,10.033112
15839,-0.25602722,1.6917267,9.284149
15843,-0.8518524,2.0291138,9.037689
15848,-0.933197,1.9788666,9.107086
15854,-0.6915283,1.6821594,9.198013
15861,0.088531494,1.0600128,9.973282
15866,0.66041565,0.5886383,10.372879
15871,0.79441833,0.80877686,10.004395
15876,1.2131653,0.6197357,10.126419
15881,1.4763641,0.7034912,9.915863
15887,0.8279114,1.2681885,9.279373
15893,0.27278137,1.696518,9.276978
15899,-0.117248535,1.931015,9.231506
15904,-0.6412811,2.4215393,8.781662
15909,-1.0815582,2.9431763,7.858032
15911,-1.1078796,2.909668,7.8173523
15915,-1.4644012,2.1272125,8.580658
15920,-0.9954071,1.1413727,9.9039
15925,0.071777344,0.12921143,11.3563385
15930,0.79681396,0.114852905,11.36351
15934,0.7298126,0.69392395,10.066605
15936,0.047851562,1.660614,8.853439
15939,-0.2416687,2.3665009,7.975281
15941,-1.2993011,2.7350006,7.9417725
15944,-1.964508,2.8163452,8.764908
15947,-1.7658997,2.6895294,8.8367
15949,-1.4524384,2.6895294,8.441879
15950,-0.550354,2.1248322,8.822342
15952,0.5168457,1.2370911,9.791428
15953,1.3399811,0.42114258,11.050049
15955,2.3090668,-0.55992126,12.516861
15957,1.7946167,-0.31106567,12.114868
15958,0.16749573,0.73220825,10.45903
15959,-0.8614197,2.033905,9.552155
15960,-1.2059784,2.6153564,8.784058
15962,-1.1198425,2.8115692,8.233704
15963,-0.94277954,2.9216309,7.951355
15965,-0.57188416,2.8905334,7.5756836
15966,-0.35414124,2.5363922,7.757538
15967,-0.105285645,1.7324066,9.028122
15969,0.5096741,0.6197357,10.975876
15971,1.1724854,-0.16749573,12.114868
15973,1.0887299,0.26081848,11.196014
15975,0.13877869,1.552948,9.9062805
15976,-0.72502136,2.519638,9.274582
15978,-1.1270142,3.151352,8.73381
15981,-1.3208313,3.6083832,7.7120667
15983,-1.1437683,3.677765,7.286148
15986,-0.6771698,3.2566376,7.520645
16000,-0.39242554,2.3473663,8.003998
16004,-0.08135986,1.3639069,9.446869
16008,0.31585693,0.01914978,11.858826
16011,0.8638153,-0.5790558,13.098312
16014,0.39242554,0.275177,11.56691
16017,-0.22970581,1.6917267,9.590439
16021,-0.5934143,3.0101776,8.011169
16025,-1.1605225,4.0055847,6.776474
16029,-1.6007996,4.2352905,6.0873413
16034,-1.4476624,3.3954163,6.920044
16038,-1.1629181,2.1320038,8.243271
16041,-0.01914978,0.63409424,10.91127
16045,0.727417,-0.22013855,12.378067
16049,0.69392395,0.17706299,11.791824
16053,0.5670929,1.2370911,10.308273
16057,0.114852905,2.3497467,8.855835
16061,-0.7776642,3.1609192,7.9776764
16066,-1.2993011,3.1920319,8.204987
16071,-1.2275238,2.5746765,8.310272
16076,-0.94277954,1.8640137,8.824738
16079,-0.20100403,1.1509552,9.731613
16083,-0.15792847,0.5862427,10.774887
16086,0.63648987,-0.19142151,12.148361
16090,1.4763641,-0.22253418,11.887543
16094,0.04307556,1.5816498,9.152542
16098,-1.5194397,3.6562347,7.1282196
16103,-1.7611237,4.3549347,7.1186523
16106,-1.3471527,3.4097748,7.9298096
16111,-0.75613403,2.0482635,8.597412
16114,-0.38523865,0.9667053,9.784256
16118,0.12921143,0.5431671,11.27977
16123,0.72502136,0.28234863,11.648254
16127,0.71066284,0.73698425,10.509277
16131,0.38046265,1.4715881,9.590439
16136,-0.2871399,2.1224365,8.757736
16140,-0.825531,2.313858,8.671585
16145,-0.78723145,1.9597168,8.997009
16150,-0.71066284,1.804184,9.135803
16154,-0.43070984,1.8113708,8.920441
16159,-0.14356995,1.7754669,8.946762
16161,0.22013855,1.5170441,9.379868
16165,0.26560974,0.727417,10.389633
16168,0.55992126,0.4355011,11.016556
16171,0.3637085,0.6269226,10.566711
16173,-0.275177,1.2849426,9.743576
16176,-0.7776642,1.9956207,8.874985
16178,-1.0695953,2.589035,8.173889
16180,-0.5766754,2.4382935,7.9202423
16182,-0.17228699,2.1463623,8.283951
16184,-0.26081848,1.9860382,8.575882
16186,-0.2368927,1.8089752,9.008972
16189,-0.14596558,1.6462555,9.324829
16192,0.0047912598,1.0911255,10.069
16195,0.70588684,0.6006012,10.9040985
16202,0.7800598,0.7657013,10.604996
16205,-0.0023956299,1.7515411,9.461227
16207,-0.7800598,2.646469,8.726624
16209,-1.1150513,2.9216309,8.449051
16211,-0.9523468,2.732605,8.731415
16213,-0.98106384,2.3018951,9.477966
16215,-0.67477417,1.8209381,9.846466
16216,-0.18424988,1.5337982,9.98764
16219,1.0289154,0.1651001,11.502304
16221,1.8568268,0.29193115,10.91127
16223,0.4785614,2.170288,8.719452
16227,-0.8183441,3.775879,7.659424
16230,-0.6412811,3.8404846,7.147354
16232,-0.5886383,3.419342,7.5589294
16236,-0.71066284,2.6033936,8.224136
16239,-0.4905243,2.0123596,9.341583
16244,-0.4857483,1.4428711,10.365707
16249,0.3756714,1.0576324,10.928024
16252,0.55274963,1.0528412,10.549957
16256,0.5623169,1.414154,9.937393
16260,-0.1483612,2.2301178,8.975479
16264,-0.7393799,3.0149536,7.9537354
16269,-0.7465668,2.9144592,7.9872437
16272,-0.06460571,2.4646149,8.504089
16276,0.1483612,1.832901,8.793625
16281,0.23928833,1.4931183,9.540192
16285,0.20578003,1.3902283,9.860825
16289,0.36849976,1.1030884,10.5308075
16292,0.9667053,0.3900299,11.676971
16295,0.91166687,0.7010956,11.227127
16298,-0.47138977,2.2612152,8.992233
16301,-1.249054,3.4743805,7.791031
16304,-1.4883423,3.7040863,7.6498566
16306,-1.1724854,3.2111664,8.061417
16310,-0.41635132,2.0482635,8.901306
16312,-0.14356995,1.552948,9.927826
16314,-0.5024872,1.3639069,10.650452
16316,0.13639832,0.45463562,11.763123
16318,1.9286194,-0.8901367,12.851852
16320,1.8352966,-0.06460571,11.006989
16321,0.119644165,1.9836426,8.642868
16322,-1.5218353,4.0247345,6.8841553
16324,-1.450058,4.5296173,6.821945
16326,-1.6678009,4.027115,7.836487
16329,-1.9669037,2.8402863,8.516052
16331,-1.1246338,1.7132568,9.74118
16333,0.40678406,0.5647125,11.01416
16334,0.830307,0.80158997,10.492523
16337,0.42352295,1.5003052,9.475586
16340,-0.0047912598,2.2085724,8.575882
16344,-0.447464,2.6368866,8.228912
16349,-0.78245544,2.6368866,8.353348
16354,-0.91166687,2.3593292,8.6979065
16359,-1.0001984,2.0243225,8.93959
16364,-0.9954071,1.8831482,8.760132
16370,-0.7537384,1.655838,9.245865
16374,-0.33259583,1.1652985,9.655045
16379,0.25602722,0.79441833,9.772293
16383,0.29910278,0.68673706,9.710068
16387,0.37088013,0.51924133,9.944565
16392,0.53359985,0.22970581,10.674377
16398,0.33738708,0.38285828,10.406387
16403,-0.13160706,0.7417755,9.71965
16408,-0.25842285,1.3160553,9.47319
16414,-0.34457397,1.8807526,8.913269
16419,-0.45703125,1.9788666,8.389236
16424,-0.4139557,1.6390839,8.5950165
16429,-0.052642822,0.99780273,8.965912
16435,-0.5144501,0.028717041,9.793823
16441,0.35653687,-0.95951843,11.583649
16448,1.426117,-1.6845398,12.241684
16454,1.2442627,-1.2538452,11.95694
16459,-0.124420166,-0.098098755,10.157532
16464,-1.0600128,1.4739838,8.827118
16469,-1.3016968,1.8903351,8.3485565
16475,-0.7896271,1.9214325,8.248062
16480,-0.3254242,1.5768738,8.386841
16485,-0.2033844,0.87338257,8.609375
16488,0.72502136,-0.22492981,9.365509
16491,1.385437,-0.7728882,10.052246
16495,1.3088684,-0.8757782,10.91127
16500,0.7465668,-0.20817566,11.129013
16507,-0.0382843,0.41635132,10.39682
16511,-0.37806702,0.8039856,9.676575
16516,-0.38285828,1.1078796,9.49472
16519,-0.37088013,1.2131653,9.477966
16524,-0.53359985,1.3543396,9.296112
16528,-0.6412811,1.3902283,9.150162
16533,0.0143585205,1.2299042,8.903687
16538,0.68196106,0.8925171,9.011368
16543,0.9906311,0.9188385,9.154938
16549,0.75613403,1.0217285,9.202789
16555,0.5096741,1.1916199,9.159729
16560,0.35653687,1.1988068,9.078369
16565,0.36849976,1.1413727,8.987442
16571,0.30389404,1.2634125,8.616562
16576,-0.050247192,1.4931183,8.183456
16580,-0.7154541,1.0983124,8.736191
16585,-0.51924133,0.45463562,9.604797
16591,0.16989136,-0.40678406,10.408783
16596,0.47616577,-0.9523468,11.332413
16601,0.59580994,-1.1150513,11.60997
16764,-2.6847534,4.536789,8.482559
16766,-2.2348938,4.6037903,7.676178
16768,-2.4717865,4.9411774,8.657227
16769,-2.5411835,4.5750732,8.920441
16771,-1.8903351,3.6969147,8.743378
16772,-1.4452667,3.184845,9.255432
16774,-0.75852966,2.600998,9.621536
16775,-0.6412811,1.9525452,9.7005005
16781,-0.84706116,1.5816498,9.327225
16788,-1.7084808,1.3950195,8.059021
16795,-2.2540436,1.4667969,6.994217
16796,-1.763504,0.7657013,6.742981
16800,-1.1605225,-1.3902283,7.7120667
16802,-1.3232269,-1.3351898,8.762512
16805,-1.036087,0.4857483,8.27916
16807,-1.3328094,2.4813538,8.140381
16810,-2.4406738,3.534195,8.922836
16814,-2.4550323,4.302292,9.387039
16819,-2.4957123,4.228119,10.013962
16824,-2.617752,3.6849518,10.956741
16829,-2.8594208,2.5052795,10.937592
16832,-1.8089752,0.5623169,11.559723
16836,0.071777344,-1.0648041,13.136597
16839,1.6773682,-2.572281,13.859222
16843,0.9786682,-2.0434723,12.954742
16847,-0.3014984,0.1986084,10.796417
16851,-1.0289154,3.0221405,7.802994
16855,-1.3495483,4.187439,5.6685944
16859,-1.7682953,4.0343018,4.924423
16863,-1.3375854,2.1750793,7.0468597
16867,0.5623169,-0.37088013,10.506882
16872,2.170288,-1.8640137,13.328018
16876,1.7682953,-1.7802582,13.339981
16880,0.4737854,-0.35653687,11.703293
16887,-1.4404755,2.457428,8.317459
16891,-2.4717865,4.067795,5.6063843
16893,-2.2253265,3.4145508,6.8434753
16896,-0.59580994,1.4404755,8.539978
16899,1.1964111,-0.4665985,10.66481
16902,1.7204437,-0.82073975,11.60759
16905,1.2227325,-0.023925781,10.700699
16910,-0.42591858,2.1511536,8.736191
16914,-1.5457611,3.5485535,7.1976166
16917,-1.4979095,3.1920319,6.541977
16921,-0.7034912,1.8807526,7.975281
16927,0.22013855,0.2033844,10.743774
16933,0.95951843,-0.5383911,12.394821
16940,0.66041565,0.16989136,11.99762
16946,-0.5240326,1.9716797,9.267395
16952,-1.3471527,4.2998962,5.888733
16959,-0.24645996,3.8883362,5.2785645
16964,-0.01914978,2.4191437,6.24527
16970,-1.0121613,1.1509552,7.7862396
16977,-1.0073853,0.06939697,9.767502
16983,2.1870422,-1.832901,13.3615265
16988,2.876175,-3.6299133,14.648865
16992,1.655838,-2.7062836,15.239883
16997,-0.7920227,-1.7850494,13.186844
17003,-1.5146637,0.050247192,10.872986
17009,-1.4476624,1.7132568,8.803192
17015,-1.8017883,2.0291138,5.728424
17020,-0.8111725,1.8735809,4.790436
17024,1.655838,0.89730835,8.221741
17030,3.3547363,-1.0384827,11.641083
17041,2.761322,-1.3734741,12.47139
17044,0.47138977,0.13400269,11.365906
17047,-1.0241241,2.1343994,9.147766
17051,-1.8592224,4.400406,6.2596283
17056,-2.5220337,4.8382874,4.4267273
17061,-0.62931824,3.2183533,6.357727
17066,2.5938263,0.32063293,10.413559
17070,3.282959,-1.0887299,12.892532
17075,1.7778625,-0.16749573,12.270401
17078,-0.29670715,1.6151581,9.454041
17083,-1.9788666,3.9960175,6.829117
17089,-1.586441,3.8548431,6.2979126
17094,-0.6891327,2.646469,6.8123627
17100,-0.90927124,2.4622192,7.051651
17106,-0.6915283,1.5361938,8.327026
17112,0.08375549,-0.33259583,11.495117
17119,0.059814453,-1.2514496,13.56012
17124,-0.6915283,-0.97387695,13.418945
17129,-0.8829498,-0.18664551,11.272583
17134,-2.1176453,1.7395782,8.181061
17138,-3.7423706,3.8213348,5.9030914
17142,-3.4959106,3.6969147,6.6137695
17147,-2.4191437,2.7158508,8.441879
17152,-1.2969055,0.89730835,10.432709
17158,-0.026321411,-0.70588684,13.296921
17162,-0.18664551,-1.0073853,13.5673065
17166,-0.8757782,0.062210083,11.447266
17169,-1.6366882,1.763504,8.226532
17173,-2.182251,3.1250305,5.9485626
17180,-2.3186493,3.4504547,5.893524
17187,-1.4811554,2.675171,7.602005
17193,-0.23210144,1.2035828,9.774673
17197,0.6269226,-0.055038452,12.136398
17203,0.5048828,-0.46180725,12.794418
17208,-0.3062744,0.43310547,10.880173
17214,-0.9140625,1.8161469,8.781662
17219,-2.1128693,3.5030975,6.0514526
17225,-2.5005035,4.23291,5.297714
17229,-2.6057892,3.9218292,5.7475586
17233,-2.9024963,4.3501587,5.967697
17239,-2.8259277,3.4217377,5.991623
17244,-1.7371826,1.1772614,8.530411
17249,0.99302673,-1.2514496,12.882965
17253,0.65563965,-1.3997955,14.584259
17258,-2.100891,0.08375549,13.548157
17265,-3.5820618,1.9740753,11.75116
17272,-2.8115692,2.9694977,10.72702
17278,-3.3212433,3.2183533,6.0514526
17283,-2.4885406,3.6873474,6.6831512
17288,-1.6414795,3.0101776,8.470596
17293,-1.2538452,1.6295166,9.028122
17299,-0.18664551,1.2179413,10.013962
17306,0.8039856,0.6269226,11.387436
17320,0.71784973,-0.021530151,12.827927
17323,0.107681274,0.43310547,12.815964
17327,-1.5768738,2.3042908,9.434906
17330,-3.3044891,4.737793,6.273987
17334,-3.460022,5.0488586,5.826523
17340,-2.5698853,3.4911346,6.55394
17345,0.3254242,0.6508484,8.642868
17351,3.0460663,-1.7802582,12.105286
17356,1.3997955,-1.2562256,12.847061
17362,-1.5816498,0.7776642,11.090729
17367,-3.826126,3.7016907,8.745773
17372,-5.2546387,5.0201416,5.2259216
17379,-4.19223,4.5607147,6.57547
17385,-0.43070984,1.1485596,10.066605
17391,2.8139648,-1.6438751,13.387848
17396,2.4502563,-1.2969055,13.519455
17401,-0.03111267,1.0863342,10.447067
17405,-2.2540436,4.237686,6.025131
17410,-3.8045807,5.8911285,4.8071747
17415,-2.7756805,4.4243317,5.9724884
17422,0.933197,1.3950195,8.671585
17425,2.7828522,-0.34217834,11.676971
17428,1.0432739,0.25125122,11.8085785
17430,-1.138977,1.935791,10.052246
17432,-1.8137665,3.4073792,8.719452
17435,-1.1030884,3.6107635,7.9585266
17438,-0.53359985,2.7134552,8.377274
17442,0.026321411,1.6773682,9.422943
17446,0.68434143,1.3088684,10.069
17451,0.727417,1.7180481,9.229111
17455,0.1268158,2.3449707,8.403595
17460,-0.44506836,2.892929,7.6713867
17465,-1.0217285,3.3427734,7.0037994
17470,-1.4165497,3.259018,6.592224
17478,-1.2035828,2.6153564,6.0969086
17485,-1.5457611,2.0841522,6.8243256
17491,-1.7276154,0.34457397,8.970688
17497,-0.112457275,-2.0410767,13.39502
17503,1.0983124,-3.632309,16.821548
17510,-0.75613403,-3.3714905,16.290344
17515,-4.146759,-1.2514496,12.129211
17521,-5.079956,2.457428,8.774475
17527,-4.5679016,3.3188477,7.750351
17531,-3.517456,2.0195465,3.9673004
17534,-0.7680969,0.7848511,6.620941
17540,2.0243225,-1.2969055,11.571686
17544,1.4763641,-2.6249237,13.753952
17549,-0.119644165,-1.6438751,13.14856
17553,-2.646469,0.6628113,10.435104
17556,-4.4937286,3.1537476,6.6783752
17560,-4.6372833,3.431305,4.8023987
17565,-2.170288,1.6199341,8.224136
17569,0.37327576,-0.6652069,12.067001
17573,0.9140625,-1.426117,13.471588
17578,-0.095718384,-0.43788147,11.928223
17589,-1.2921295,1.7348022,8.157135
17593,-2.170288,3.6466675,4.577469
17595,-2.0434723,3.9242249,4.4985046
17598,-1.1126556,2.5962067,7.0253296
17602,0.7393799,-0.2033844,11.708084
17609,1.2586212,-1.174881,13.909485
17615,-0.653244,0.047851562,12.598206
17617,-2.395218,1.9716797,9.533005
17621,-3.8165588,4.381256,5.9485626
17623,-3.1417694,4.553543,5.4676056
17627,-1.4763641,2.904892,6.563507
17631,1.2849426,0.095718384,9.650253
17636,2.1152496,-1.3758698,13.201202
17644,0.9523468,-1.0911255,14.005188
17650,-0.9523468,0.7728882,11.377869
17654,-1.7060852,1.9214325,9.403793
17658,-0.48095703,1.804184,9.980469
17663,-0.49771118,2.9862366,7.3339996
17669,-1.2658081,4.118042,4.9698944
17674,-0.98106384,4.072586,5.5681
17680,0.124420166,2.033905,8.216949
17687,0.68196106,0.71784973,10.87059
17695,-0.105285645,0.55274963,11.71286
17698,-0.7920227,0.8422699,11.516663
17702,-1.1964111,1.3734741,10.884949
17705,-1.6366882,2.0721893,9.635895
17709,-1.7754669,2.6990967,8.173889
17712,-1.3543396,2.2660065,8.126022
17716,-0.45224,1.4955139,8.925232
17718,0.39482117,0.5024872,9.860825
17722,-0.22013855,0.44984436,10.269989
17725,-0.9308014,0.61016846,10.320251
17729,-1.7371826,1.2442627,10.095322
17734,-2.3521423,1.7682953,9.726822
17738,-2.0195465,1.8089752,9.341583
17743,-1.7874451,1.7946167,9.104691
17748,-1.5673065,1.7084808,9.212372
17752,-1.0121613,1.2107697,9.808182
17757,-0.49291992,0.7082825,10.822739
17761,-0.7657013,0.68434143,10.944778
17765,-1.385437,1.3328094,9.954147
17769,-2.141571,2.6081696,8.539978
17774,-2.0841522,3.625122,7.3052826
17779,-1.7060852,3.5557404,6.4295197
17782,-1.2801666,3.1872406,5.740387
17787,-1.2394867,2.8139648,6.3960114
17793,-0.72024536,1.6366882,8.264816
17797,-0.74894714,0.7130585,10.413559
17800,-1.1437683,0.39242554,11.954544
17803,-1.9549408,0.67237854,12.090927
17808,-2.1391907,1.0241241,10.8012085
17812,-2.6440735,1.6917267,9.3511505
17817,-2.5005035,2.2157593,8.219345
17830,-2.0697937,2.050644,7.298111
17834,-1.0839539,1.421341,7.5397797
17837,-0.033493042,0.4737854,9.241089
17839,-0.21296692,0.21774292,10.645676
17843,-1.4715881,0.5694885,11.212769
17848,-2.8187408,1.4715881,10.368103
17855,-3.316452,2.548355,9.066406
17860,-3.2231293,2.5962067,7.975281
17864,-2.2492523,2.074585,7.343567
17869,-0.28953552,0.91645813,8.106888
17873,1.3663025,0.22253418,9.786652
17879,1.1126556,0.29431152,10.995026
17885,-0.8614197,0.9786682,11.164917
17891,-2.0937195,2.3330078,10.29393
17898,-2.6105652,3.0915222,9.214767
17903,-1.9405823,2.8139648,7.623535
17908,-0.8661957,2.9120636,6.9750824
17913,-0.3254242,2.6440735,7.3579254
17918,0.45224,1.524231,8.408386
17923,0.95951843,0.22970581,9.604797
17929,0.78723145,0.5623169,10.351349
17935,0.4737854,2.1846466,10.794022
17939,-0.91166687,3.053238,10.612167
17947,-2.4263153,3.6466675,8.027924
17951,-2.979065,4.273575,7.417755
17954,-2.8163452,4.0701904,8.772095
17957,-2.2085724,3.053238,9.750748
17958,-2.3353882,2.4215393,10.339386
17962,-2.1056824,1.3471527,11.23909
17965,-0.6029968,0.4091797,12.2560425
17970,-0.20817566,0.3637085,12.232117
17976,-0.9523468,1.5050812,11.078766
17981,-1.5505524,2.725418,9.824936
17985,-1.902298,3.6873474,5.9437714
17991,-2.3018951,4.3621216,5.6614227
17998,-1.4380798,3.8883362,7.824524
18003,-1.4476624,2.5507507,7.9298096
18009,-0.055038452,1.3830566,9.808182
18015,0.7920227,0.28474426,11.274979
18020,0.24885559,0.70588684,11.121841
18025,-0.66760254,2.2755737,10.157532
18030,-1.3734741,3.0173492,8.975479
18037,-1.8352966,3.4839478,7.030121
18043,-1.6199341,3.1992035,7.544571
18049,0.055038452,1.4667969,9.724426
18056,1.5146637,-0.14356995,11.468796
18062,1.552948,0.047851562,11.717651
18068,-0.112457275,1.6725769,10.54277
18075,-0.933197,2.897705,8.949158
18083,-1.8879395,3.7662964,5.7786713
18090,-1.7658997,3.998413,6.6592255
18097,-0.8494568,3.0963135,7.807785
18102,0.098098755,1.552948,9.403793
18110,1.1150513,0.18185425,11.203201
18116,0.8183441,0.14596558,11.662613
18126,0.33499146,0.6412811,11.499908
18132,-0.67477417,1.3088684,10.614563
18137,-1.9669037,2.7637177,8.6979065
18142,-2.2157593,3.4169464,6.920044
18146,-1.763504,3.225525,6.582657
18149,-1.2179413,2.7565308,7.606781
18154,-1.414154,2.4646149,8.0733795
18158,-0.01914978,0.6891327,10.375275
18162,2.2014008,-1.6295166,13.861618
18165,2.2372894,-1.5481567,14.002792
18169,-0.35653687,0.4665985,11.330017
18173,-1.7419739,2.7493591,7.453644
18178,-2.3569336,3.7662964,4.3214417
18184,-1.0624084,3.2374878,5.5920258
18192,1.1126556,0.82073975,8.288742
18199,1.3974152,-0.50727844,10.999802
18205,0.9379883,-1.5481567,12.792038
18212,0.122039795,-1.524231,12.751358
18219,0.093322754,-0.59820557,11.971298
18225,0.033493042,-0.01675415,10.995026
18236,0.27038574,0.62931824,9.934998
18239,-1.1174469,2.1678925,7.939392
18241,-3.3188477,4.175476,5.5250244
18243,-3.2996979,5.1756744,4.955536
18245,-1.5457611,3.596405,5.950943
18247,1.6342926,1.3304138,8.137985
18249,1.4667969,0.16270447,10.609772
18254,1.0265198,-0.8685913,12.375687
18258,0.33021545,-0.51924133,13.335205
18262,-1.5098724,0.4091797,12.79921
18267,-2.2707825,1.3016968,11.909073
18272,-2.0817566,1.6749725,10.413559
18278,-2.0721893,2.4047852,8.621338
18283,-1.311264,3.4002075,6.8410797
18287,-0.40678406,3.728012,6.238083
18292,-0.4905243,3.3356018,5.596817
18297,-0.30867004,3.4145508,6.029907
18302,-0.38523865,2.3784637,7.7312164
18308,-0.29910278,1.2993011,10.78685
18313,-0.94755554,1.1533356,11.949753
18319,-1.7395782,1.4644012,11.56929
18325,-2.1463623,2.2181396,10.588242
18330,-2.7876434,2.892929,9.095123
18336,-1.6414795,2.6273193,7.8101807
18342,0.279953,2.222931,7.3866425
18348,1.0815582,2.2994995,8.037491
18353,0.22732544,2.3042908,8.721832
18358,-0.49291992,2.2612152,9.588043
18364,-0.33499146,1.7730865,9.990036
18370,-0.63648987,1.6127625,10.535599
18378,-1.179657,1.8233337,10.585846
18381,-1.1318054,2.1463623,10.19342
18396,-1.1629181,2.4622192,9.387039
18399,-1.0528412,3.036499,8.240875
18402,-0.78723145,3.1417694,7.688141
18405,0.447464,2.0482635,7.5134583
18409,2.1128693,0.6077728,12.04068
18413,1.9980011,-0.5024872,14.620148
18417,-0.20817566,0.26560974,13.753952
18420,-1.9884338,3.0029907,10.33699
18424,-2.9001007,5.1637115,4.919647
18428,-1.8879395,5.5681,0.90927124
18430,0.04067993,4.208969,4.6325073
18433,1.9429779,1.8640137,6.7501526
18436,2.0123596,-0.03111267,11.810974
18440,1.6510468,-0.50727844,15.840485
18445,0.21296692,-0.71784973,15.8022
18447,-1.2394867,0.8063812,12.763321
18450,-1.1365967,2.8043823,9.449265
18454,-1.3997955,3.6418762,5.967697
18458,-0.6316986,3.5892334,3.929016
18463,-0.7034912,3.287735,4.6660004
18468,-0.45463562,2.4598236,6.077774
18474,-0.4905243,1.1437683,9.418152
18480,-0.72024536,-0.39720154,12.43071
18484,-1.306488,-1.2466583,13.890335
18488,-0.65802,-0.7082825,12.990631
18493,-0.3756714,0.102890015,10.987839
18497,-1.4715881,1.2012024,9.753143
18503,-1.8544312,1.976471,8.463409
18509,-2.0243225,2.1846466,7.3938293
18513,-2.2324982,1.7826538,7.4680023
18517,-1.2538452,1.138977,8.989838
18520,-0.124420166,0.20100403,10.597809
18524,0.2033844,0.102890015,11.411377
18528,-0.37088013,1.0121613,10.164719
18532,-1.5266266,2.1272125,7.9202423
18538,-0.76091003,2.4837494,6.8195496
18544,-0.17945862,2.038681,5.934204
18550,-0.54556274,2.7996063,5.831314
18553,-1.7060852,3.1322021,7.0875397
18558,-0.9403839,2.8115692,8.446671
18563,0.44506836,2.8043823,12.268005
18569,-0.01914978,1.9932251,13.280167
18575,-1.2203369,2.589035,11.557327
18582,-2.1272125,3.7304077,9.020935
18587,-2.074585,4.668396,7.4847565
18591,-1.351944,4.610962,7.176071
18595,-0.46180725,3.3332062,6.4414825
18599,1.0743713,2.0697937,8.819946
18605,1.832901,0.3517456,13.2921295
18611,0.87338257,-0.20100403,15.65863
18617,-0.105285645,0.3014984,14.143982
18625,-1.7180481,2.4358978,10.518845
18632,-2.3593292,3.8404846,7.319641
18641,-3.3762665,4.359726,5.9150543
18658,-2.8115692,4.6731873,6.620941
18661,-1.8376923,2.9335938,6.989441
18663,-0.12921143,1.1102753,9.030518
18666,0.5623169,0.3756714,12.105286
18670,0.093322754,0.33021545,12.373291
18674,-1.0121613,1.3280182,10.121643
18679,-2.423935,2.766098,7.625931
18684,-2.8666077,3.7471619,6.139984
18689,-3.4097748,4.0175476,6.4701996
18694,-3.053238,2.761322,7.2957153
18700,-2.2420807,1.1222382,8.384445
18706,-0.31825256,0.23210144,11.535797
18711,0.9571228,-0.5264282,13.907089
18720,0.57188416,-0.13400269,13.576874
18727,-1.1270142,1.1102753,10.54277
18734,-2.251648,3.2039948,7.8341064
18740,-2.634491,4.0247345,6.3792725
18745,-2.8785706,4.3166504,6.0179443
18752,-0.87098694,3.6562347,6.2572327
18758,0.45703125,2.4143524,6.541977
18762,1.7419739,2.096115,9.688538
18768,0.96191406,1.311264,11.928223
18774,0.16989136,1.3471527,13.584061
18780,0.29193115,0.33499146,13.375885
18783,0.62931824,0.25842285,12.67717
18785,-1.0121613,1.8807526,10.286743
18788,-2.5914307,4.7330017,0.26560974
18790,-2.651245,6.032303,5.8049927
18794,-1.4476624,6.1663055,8.1427765
18797,-0.72024536,4.6372833,7.0133667
18802,1.0241241,3.8189392,7.2885437
18807,0.33021545,3.7567291,7.063614
18810,-1.0217285,4.1802673,8.427521
18812,-0.72024536,3.6921234,8.951553
18815,-0.107681274,3.151352,9.521042
18819,0.5383911,2.210968,9.956543
18825,0.47138977,1.9262238,11.004593
18832,0.14356995,1.2370911,13.45723
18837,0.0143585205,1.5409851,14.196625
18842,-0.71784973,2.7972107,11.538193
18846,-0.9403839,4.2640076,6.7405853
18850,-1.1198425,5.3407745,5.9198456
18856,-1.3256226,5.38385,4.54158
18862,-0.40438843,3.7519531,4.307083
18867,0.18902588,3.5677032,5.560913
18872,1.1102753,2.1224365,8.925232
18878,0.8542328,1.0695953,11.492722
18883,0.095718384,1.351944,12.0095825
18886,-1.8640137,1.8879395,10.815552
18891,-3.4073792,2.945572,9.04248
18897,-2.7565308,3.4337006,8.568695
18903,-1.6797638,2.8378906,8.896515
18908,-1.0671997,2.5579224,8.877365
18912,-1.1222382,1.8879395,8.750549
18927,-1.0743713,0.8614197,11.188843
18930,0.095718384,-0.23449707,13.289734
18933,0.35891724,-0.5312042,13.502701
18936,-0.6771698,0.64367676,12.110077
18941,-1.6773682,2.2253265,9.341583
18944,-1.7348022,3.5365906,7.207184
18949,-1.701294,4.2065887,6.4247284
18954,-1.174881,4.1276245,5.412567
18959,-0.7776642,3.5150604,4.749756
18965,0.830307,1.9214325,7.664215
18971,1.8855438,-0.2416687,10.210175
18977,1.6678009,-0.7010956,13.495514
18983,-0.26560974,-1.0480499,14.371292
18991,-2.3904266,-0.46899414,13.653442
18997,-3.2781677,0.5670929,12.483353
19003,-3.1537476,2.3976135,9.84407
19009,-3.0460663,3.8117676,6.8410797
19014,-1.9286194,3.7160492,6.175873
19018,-0.22732544,2.663208,5.9940186
19024,1.4069824,1.5960083,6.238083
19030,1.1700897,1.3280182,7.6426697
19036,0.119644165,1.208374,10.15036
19046,-0.97387695,1.1150513,11.042877
19051,-2.3090668,2.153534,10.691132
19055,-3.270996,2.7421722,9.848862
19058,-2.691925,2.9024963,9.267395
19062,-1.3375854,2.5172424,8.444275
19066,-0.4139557,2.1918182,7.8867493
19071,0.19381714,2.0530396,8.350952
19076,0.07417297,2.0410767,9.190826
19081,0.011962891,2.2014008,9.786652
19085,-0.33499146,2.4933167,8.884552
19089,-0.7346039,3.4337006,7.733597
19093,-1.1940155,3.7208405,7.0779724
19099,-1.2251282,3.1704865,7.475174
19106,-0.87815857,2.6895294,8.322235
19111,-0.54556274,1.5888367,9.791428
19114,0.4091797,1.2131653,11.705688
19119,0.18185425,0.9954071,12.945175
19124,-0.22492981,0.9762726,12.428314
19130,-0.5647125,1.9429779,10.736603
19134,-0.6029968,2.9216309,8.791229
19138,-0.48095703,3.5461578,7.223938
19142,-0.48095703,3.8069763,6.4127655
19148,-0.36131287,3.4863434,5.596817
19152,0.23928833,2.6990967,4.76651
19158,2.1296082,1.3423767,8.752945
19163,1.3136597,0.5647125,11.56929
19170,0.88534546,-0.028717041,14.689545
19175,0.5670929,-0.27278137,14.842682
19182,-0.8829498,0.9571228,11.846863
19188,-2.1942139,3.357132,8.401199
19195,-2.6608124,4.249649,6.75972
19202,-2.1176453,4.163513,2.5986023
19208,0.64367676,3.2996979,6.3266296
19214,2.8498535,0.39959717,9.827316
19220,3.0508423,-0.31825256,13.411774
19225,2.4957123,-0.32063293,13.792236
19230,2.1463623,0.40678406,12.318253
19235,0.8877411,1.9477539,9.4253235
19240,0.13160706,3.2686005,6.6089783
19245,0.13160706,3.1369934,5.864807
19248,0.45463562,2.3353882,8.090134
19251,1.2394867,2.0243225,9.9039
19254,0.899704,2.0171509,9.43251
19256,0.06939697,2.4502563,9.595215
19259,0.13877869,3.0245209,9.348755
19262,-0.9451599,2.555542,8.204987
19267,-0.8925171,2.2348938,7.716858
19271,-0.59820557,2.2827454,8.305481
19276,-0.7346039,2.0554352,8.965912
19279,-1.4045868,1.976471,9.669403
19281,-2.3904266,0.9308014,11.215164
19284,-3.007782,0.64367676,12.691528
19287,-2.634491,0.6269226,12.863815
19291,-2.0482635,0.9762726,11.483154
19295,-2.0626068,1.8161469,9.188446
19299,-1.4596252,2.6081696,7.635498
19302,-1.6630096,2.9910278,6.6999054
19304,-0.40438843,2.5842438,6.6687927
19306,0.8542328,1.5696869,8.695511
19310,1.2658081,0.94755554,10.660019
19316,1.4356995,0.29193115,11.559723
19322,1.2179413,0.47138977,11.018951
19327,0.6699829,1.4787598,8.815155
19332,-0.14356995,2.526825,6.422333
19336,-0.8446655,2.8283234,6.135193
19341,-1.426117,2.629715,7.4201508
19346,-1.689331,1.7682953,9.722046
19352,-1.529007,0.91166687,11.942581
19359,-1.3758698,0.40438843,13.849655
19365,-1.4333038,0.8542328,12.63649
19371,-1.9262238,2.2660065,8.968292
19378,-2.0075836,3.4073792,5.8791656
19384,-1.4859467,3.5581207,5.194824
19391,-0.3637085,2.7445679,5.883957
19395,1.4691925,1.146164,9.635895
19402,2.388031,-0.011962891,12.96431
19408,2.1559296,-0.08135986,13.811371
19417,0.8422699,1.0456696,12.011963
19422,-0.12921143,2.560318,8.042282
