38106,0.17228699,6.764511,8.291138
38109,3.172882,7.240677,7.927429
38110,3.4073792,6.994217,11.004593
38112,1.0049896,5.4221344,10.260422
38114,1.2658081,5.32164,8.807983
38116,-1.3471527,3.8141632,7.4201508
38118,-2.3090668,4.512863,6.788437
38120,-1.8209381,4.589432,4.3956146
38122,-1.1246338,3.981659,2.3856506
38124,5.01297,5.4795685,6.6711884
38127,2.9742737,4.6037903,0.27278137
38137,1.3950195,1.5696869,1.8903351
38147,2.1104736,4.8382874,7.257431
38150,1.1940155,7.7479553,7.001404
38152,-1.1174469,8.121246,10.671997
38164,0.95951843,7.523041,11.018951
38167,0.87815857,7.1593323,7.680954
38169,2.3688965,6.3314056,4.6779633
38171,0.5934143,6.214157,7.1449738
38177,-0.7800598,5.8576355,8.408386
38179,-2.4023895,6.4079742,5.211563
38181,-2.5938263,6.3720856,6.47258
38184,-1.1246338,4.93161,9.332016
38187,0.37327576,4.0989075,10.140778
38191,-1.6342926,4.297516,9.102295
38196,-3.7878418,5.3120728,8.439484
38201,-4.2137604,5.17807,9.57608
38205,-4.6253204,3.4911346,13.741974
38209,-5.6661987,2.3641052,17.836105
38213,-3.6083832,1.7228394,19.384262
38217,0.0382843,0.6125641,15.665817
38222,1.0384827,0.20100403,13.892731
38226,0.39482117,0.095718384,14.823532
38230,0.8685913,-0.06939697,13.217957
38233,-0.44984436,0.92123413,10.136002
38237,-1.9381866,2.7684937,6.908081
38241,-2.7182465,4.302292,3.316452
38246,-3.6299133,6.7788696,-0.59580994
38250,-4.3788605,7.762314,-2.486145
38255,-3.8979034,8.281555,-2.1032867
38259,-3.3547363,6.448654,-1.2753754
38267,-3.0029907,4.369293,0.5048828
38270,-2.7996063,2.6249237,3.0628204
38272,-0.5120697,-0.2033844,6.5682983
38275,3.0269165,-2.725418,9.841675
38279,4.8717804,-4.084549,12.681961
38283,3.6155548,-3.7016907,13.476379
38288,1.552948,-2.6057892,14.297119
38292,2.096115,-2.1248322,16.905289
38297,1.9525452,-1.9405823,15.136993
38300,1.5218353,-0.9571228,11.124237
38305,1.4476624,0.30389404,9.219543
38309,2.120041,1.2155609,8.896515
38314,2.6273193,1.804184,8.834305
38319,2.3497467,2.486145,6.788437
38325,1.7922211,3.0556335,5.93898
38331,1.0863342,2.9934235,5.7332
38338,0.7010956,2.514862,7.274185
38340,0.9188385,1.2418823,9.547363
38343,-0.33259583,0.17706299,13.088745
38346,-0.90448,0.117248535,17.417358
38350,1.414154,-1.4021912,19.355545
38355,3.1058807,-1.6869354,17.34079
38360,2.1990051,0.36131287,11.172089
38366,0.65802,3.7830505,4.311859
38373,0.13639832,5.6566315,-0.41156006
38378,-1.0265198,6.924835,-1.0671997
38385,-4.783249,7.5373993,0.21057129
38394,-6.7381897,4.989029,7.1856537
38406,-3.4121704,1.5696869,19.240692
38412,-0.33259583,0.25842285,20.748169
38415,1.6821594,1.5170441,14.060226
38420,2.383255,2.9240265,8.188232
38425,3.282959,4.0079803,4.7353973
38430,2.6033936,5.091934,2.0410767
38434,0.39959717,5.371887,0.47616577
38439,-3.8452606,5.3240356,4.5607147
38443,-4.031906,4.5631104,12.648468
38449,-2.2899323,3.2231293,14.974289
38456,-1.6223297,3.6969147,13.318451
38462,-0.42352295,4.1683044,10.255646
38468,1.4644012,4.3980103,6.0634155
38473,3.103485,5.5944214,0.928421
38478,2.675171,5.441284,-1.6917267
38483,1.4691925,5.132599,-2.074585
38488,-1.7204437,3.603592,-0.94755554
38493,-5.77388,1.529007,6.742981
38498,-8.056641,0.42114258,22.66243
38504,-4.4027863,-1.351944,31.45366
38508,-0.105285645,-2.1032867,21.420547
38513,0.062210083,0.4019928,12.813568
38518,0.3014984,1.4620209,10.896912
38522,0.7896271,2.2827454,9.504288
38526,0.7680969,3.7662964,3.9577332
38529,1.0863342,5.6063843,-2.1631165
38536,1.2442627,7.0085754,-7.022934
38537,-0.54556274,6.8195496,-8.877365
38540,-2.2037964,4.9292145,-7.10907
38541,-3.8069763,1.0193481,-3.2853394
38543,-4.8143616,-3.9792633,9.090332
38548,-6.3314056,-6.3888397,31.45604
38552,-1.5074768,-7.862808,38.572296
38556,1.5433655,-6.484543,25.232315
38560,0.6053772,-3.3714905,12.935593
38565,0.7920227,0.08375549,9.427719
38570,1.0049896,2.4095764,6.948761
38574,1.1126556,4.208969,3.0723877
38578,0.80877686,5.8456726,-1.7802582
38580,-0.44506836,6.580261,-4.3908234
38583,-2.3928223,6.2237244,-3.5030975
38585,-5.11586,3.6418762,4.1826477
38589,-2.9934235,0.08375549,19.152145
38593,0.1603241,-4.1156616,28.697128
38595,1.1294098,-3.2925262,22.461426
38600,0.5312042,-0.9786682,15.854843
38603,2.2061768,0.16270447,14.134399
38607,4.290329,1.5505524,12.753738
38614,4.441086,3.316452,6.776474
38621,3.172882,5.474777,-0.61016846
38626,1.0743713,7.422531,-4.8598175
38633,-0.2416687,7.554138,-3.7136536
38639,-2.2994995,6.7621155,-0.7034912
38646,-4.713867,5.7786713,2.395218
38660,-8.932404,5.7355957,5.2139587
38665,-11.473587,4.8071747,9.841675
38669,-9.631119,2.950348,13.383057
38674,-4.2305145,1.4476624,13.040878
38678,-0.26081848,0.9834442,9.908676
38683,3.4073792,1.2849426,6.4295197
38687,6.6879425,1.5314026,3.8692017
38692,7.927429,1.8783722,2.4095764
38698,7.6546326,1.1318054,3.8404846
38703,5.7308044,-1.351944,10.894516
38710,3.0628204,-2.2994995,17.42215
38715,-0.21774292,-1.7563324,18.876984
38721,-2.622528,0.7130585,16.536804
38726,-1.758728,2.5794678,11.904297
38731,0.62931824,4.62294,4.68515
38736,1.414154,6.08255,-4.204193
38741,-0.6891327,6.845871,-9.705292
38745,-3.8883362,5.391037,-5.716461
38751,-5.93898,3.7878418,3.672989
38758,-5.235489,0.8805542,14.830719
38767,-2.7493591,-2.5052795,22.595428
38772,1.1318054,-3.9936218,25.428528
38777,1.0001984,-3.9242249,18.4702
38782,-2.100891,-1.1581268,12.251251
38788,-2.1320038,1.2442627,8.597412
38793,-1.0671997,3.5844421,3.809372
38799,-2.2181396,5.4604187,-0.04307556
38803,-2.1391907,5.91745,-1.2993011
38807,-2.9144592,4.5631104,0.18902588
38811,-5.01297,2.2085724,7.056427
38815,-5.642273,0.2536316,18.98944
38820,-3.6442719,-2.045868,20.228928
38826,-3.4456635,-0.8614197,16.756943
38831,-2.761322,0.4785614,13.428528
38837,-2.268402,1.730011,7.113861
38843,-1.5673065,3.2159576,2.2707825
38852,0.27038574,4.7856445,1.4021912
38857,-3.0245209,4.8382874,1.9980011
38863,-2.457428,3.4839478,3.5413818
38869,-0.5383911,1.976471,6.5036926
38874,0.105285645,-2.646469,11.894714
38879,-0.8661957,-2.416748,15.249466
38884,3.7328033,-3.5557404,16.756943
38889,4.2592316,-2.210968,12.789642
38895,4.3214417,2.1248322,7.6163483
38900,0.8111725,5.1230316,4.8143616
38906,-1.3830566,4.472183,2.6488495
38912,-2.6105652,4.0366974,5.3766785
38920,-3.4121704,0.40678406,12.806381
38927,-3.0341034,-4.441086,19.592438
38932,0.098098755,-8.066208,19.877182
38938,3.357132,-5.09671,14.227722
38943,6.7908325,0.34695435,4.4482574
38949,6.2691956,3.328415,-1.0815582
38962,-0.5407715,7.240677,-2.4382935
38966,-7.4249268,7.6713867,-1.1150513
38970,-5.374283,-1.2322998,9.152542
38976,1.3304138,-10.626526,24.83989
38982,1.1222382,-9.377472,24.114868
38988,0.6412811,-2.9694977,14.380859
38992,1.8711853,1.9956207,5.8002014
38995,0.098098755,4.23291,0.17228699
39000,-1.8185425,4.364502,2.8187408
39005,-3.9338074,2.165512,6.805191
39010,-5.5872345,-0.9379883,10.9328
39013,-6.0394897,-3.2303162,17.096725
39018,-4.113266,-3.8500519,18.970306
39023,-3.1250305,-3.3666992,14.892929
39028,-0.6699829,-0.13400269,9.171692
39034,0.30389404,5.235489,-1.1294098
39040,0.9499512,7.7001038,-5.8815613
39044,1.5433655,5.2857513,-3.7495575
39050,-3.7543335,-1.409378,5.9724884
39056,-8.654846,-4.881363,20.346176
39065,-6.9583282,-7.590027,26.538803
39069,-0.42352295,-7.5373993,21.085556
39072,1.7443695,-3.6873474,13.808975
39077,0.107681274,-1.1940155,10.600204
39081,0.6915283,1.7802582,3.500702
39086,-2.8522491,6.8602295,-5.544174
39089,-4.352539,10.214966,-7.8891296
39092,-4.2807617,8.867798,-3.653839
39096,-4.23291,3.653839,2.1990051
39098,-3.3475647,-2.0075836,11.954544
39103,-6.419937,-6.999008,20.56392
39108,-3.505478,-6.829117,24.875778
39113,-0.6006012,-4.9292145,18.558731
39117,1.2897339,0.055038452,10.054642
39122,-0.9762726,5.1062775,-0.5670929
39126,-3.5700989,8.018356,-2.4717865
39130,-3.3714905,5.0392914,3.2015991
39133,-2.9144592,-0.42114258,10.7677
39137,-2.9479523,-1.7060852,13.478775
39141,-2.6201477,-1.6127625,13.31366
39146,-1.6055908,-1.2921295,12.394821
39151,-0.17706299,0.1268158,9.154938
39159,-1.5266266,3.3666992,4.1204376
39162,-2.177475,5.0033875,1.3902283
39165,-5.596817,2.8330994,5.436493
39168,-7.5708923,0.2368927,12.370895
39172,-5.8456726,-2.4215393,16.728226
39175,-2.2253265,-4.084549,19.152145
39178,0.81355286,-3.6131592,18.439087
39182,2.526825,-1.6988983,12.47139
39185,-0.5407715,4.37648,1.4955139
39190,-1.0456696,7.5804596,-1.701294
39196,-2.399994,6.254837,-1.7898254
39207,-7.4775696,4.359726,3.5317993
39212,-6.45105,1.0911255,8.484955
39216,-4.520035,-3.9649048,16.620544
39220,-2.1320038,-7.0468597,22.475784
39224,-0.5694885,-6.345764,20.279175
39229,1.5409851,-3.4073792,13.019348
39234,3.247055,1.5792694,2.7397766
39239,4.93161,6.029907,-3.5246277
39243,-0.42114258,3.7184448,-5.642273
39245,-14.89772,2.7996063,0.9523468
39250,-20.382065,3.1417694,7.3986053
39255,-16.469803,2.0530396,7.372284
39259,-11.2582245,1.1724854,11.581268
39266,-6.611374,-0.447464,12.12204
39272,-0.46180725,0.7465668,8.913269
39278,2.7493591,2.9288177,0.8757782
39283,-1.4045868,4.759323,-2.1798553
39290,-6.6472626,4.3740845,2.945572
39294,-10.66481,1.8807526,10.4279175
39298,-10.403992,-0.38046265,16.374084
39303,-8.111664,-0.81355286,15.622742
39308,-5.52742,0.107681274,14.306686
39314,-0.15792847,1.1557312,8.877365
39321,3.3188477,3.8332977,2.1559296
39326,3.3882294,6.2309113,-3.5868378
39332,0.22253418,5.5417786,-2.6847534
39336,-8.255234,2.6775665,4.7162476
39339,-14.076981,1.3184509,14.667999
39341,-12.890137,-0.23449707,17.716461
39344,-7.7455597,-0.42352295,16.823944
39346,-4.0007935,-0.19142151,14.660828
39349,1.9549408,1.414154,7.881958
39351,3.6562347,4.9004974,-2.4957123
39356,2.6679993,7.915451,-3.838089
39363,1.0791626,4.4602203,-0.41635132
39367,-3.8022003,1.3136597,6.496521
39371,-8.025528,-0.68196106,12.055038
39377,-10.069,-1.7443695,19.673782
39382,-6.4366913,-2.5962067,19.180862
39386,-1.6342926,-2.0195465,14.0195465
39389,0.59820557,-1.071991,11.923431
39392,2.136795,-0.36849976,10.033112
39395,2.2205353,1.4309082,6.5611267
39399,1.3615112,4.1084747,2.0027924
39403,1.6342926,5.8576355,0.6915283
39405,1.4620209,3.6347046,0.31585693
39408,-0.2871399,1.3615112,3.5892334
39411,-4.237686,-1.6462555,10.78923
39414,-9.013763,-4.5343933,24.011978
39416,-7.331604,-5.108673,24.184265
39421,-4.1778717,-3.5102692,16.400406
39427,-2.4813538,-1.1126556,11.779861
39432,-0.40438843,0.48812866,9.468399
39445,-0.102890015,2.2061768,2.9742737
39450,0.047851562,6.941574,-4.268799
39453,-1.2346954,10.217346,-7.4656067
39457,-1.6175537,7.750351,-5.087143
39462,-4.6253204,2.1726837,2.9838562
39467,-8.831909,-2.1870422,18.34578
39471,-5.996414,-5.831314,26.902512
39476,0.45942688,-6.029907,22.904099
39481,0.62213135,-2.794815,17.209183
39485,0.6269226,0.8518524,10.310669
39488,1.2753754,5.0536346,-3.3068848
39492,2.3808594,10.037888,-5.888733
39498,0.42591858,7.8963165,-5.9605255
39504,-3.9720917,1.0145569,-1.5074768
39511,-9.76033,-3.7950134,24.01915
39517,-9.78186,-7.491928,30.96791
39523,-4.2879333,-3.517456,19.958542
39527,-0.624527,-0.095718384,10.616959
39533,3.998413,1.7874451,3.900299
39539,3.4097748,5.2881317,-1.4979095
39545,-0.42114258,6.4989014,-2.9431763
39551,-3.4073792,3.2853394,-1.1964111
39556,-6.254837,-0.55992126,12.605392
39560,-7.503891,-5.962921,23.380264
39566,-5.6757812,-5.3694916,20.930023
39572,-3.809372,-3.8883362,16.742584
39576,-0.36849976,-4.015152,12.935593
39580,1.5696869,-0.81355286,10.27478
39584,-0.3900299,3.448059,3.3260193
39589,-1.3232269,8.329422,-2.6679993
39595,-2.0195465,10.638489,-3.6442719
39602,-5.24028,8.054245,-4.204193
39607,-8.130814,4.0175476,4.577469
39613,-7.910675,-1.6821594,19.144974
39619,-3.5461578,-5.515457,23.6698
39627,1.5649109,-5.2498474,19.018158
39632,3.1345978,-3.2183533,14.021942
39636,2.5459595,-0.933197,9.631119
39639,-0.3254242,2.4478607,3.6466675
39644,-2.005188,6.6089783,-1.0648041
39649,-3.0652008,7.6211395,0.44984436
39653,-5.1804657,3.2446747,1.174881
39658,-6.994217,-1.4069824,11.720047
39663,-6.5348053,-6.587448,23.050064
39667,1.5960083,-8.506485,23.219955
39672,4.2352905,-6.7381897,16.204193
39676,2.617752,-3.2303162,10.853836
39682,-0.43788147,1.0887299,2.8881378
39688,-5.436493,9.923035,-0.7010956
39693,-4.7688904,12.425934,-8.511276
39699,-4.936386,8.673981,-10.600204
39705,-7.858032,3.2949219,-3.5605164
39710,-10.095322,-1.7395782,11.56929
39715,-4.2998962,-6.960724,30.850662
39723,2.1104736,-8.429916,22.095322
39738,4.5009003,-4.709076,15.369095
39744,3.1322021,-2.670395,11.777481
39749,0.6412811,1.3615112,6.2404785
39752,-3.3595276,7.0779724,-1.6534424
39756,-4.737793,10.82753,-5.309677
39761,-5.3599243,8.551941,-5.8672028
39766,-8.209778,1.5816498,0.2679901
39770,-8.803192,-3.8620148,21.98526
39774,-4.113266,-6.55394,26.514862
39779,1.1892395,-5.6327057,20.556747
39784,3.665802,-4.165909,14.61058
39790,3.385849,-0.9499512,11.186447
39795,-0.41635132,3.8931274,1.8903351
39803,-3.1489563,8.958725,-4.381256
39809,-2.3569336,9.174088,-3.8045807
39815,-4.3238373,3.6227264,1.1868439
39820,-5.577667,-0.107681274,9.300903
39824,-6.4630127,-2.7541351,12.301498
39829,-2.4478607,-5.4915314,17.623138
39833,2.646469,-7.8747864,21.406189
39838,4.340576,-5.522629,17.927032
39843,3.151352,-0.9451599,12.51207
39849,-0.38046265,3.151352,5.345566
39854,-6.6879425,7.8436737,-1.6007996
39859,-9.621536,10.222137,-3.0556335
39864,-8.472992,6.3433685,0.36849976
39869,-5.44606,1.1078796,10.066605
39874,-1.9477539,-3.7016907,18.754944
39877,2.0817566,-5.860016,20.530426
39881,4.6995087,-5.34317,16.697113
39886,4.9531403,-3.3547363,12.622147
39892,1.0528412,0.52163696,5.2618103
39897,-4.977066,6.5276184,-0.91645813
39905,-6.118454,8.327026,-2.4526367
39910,-5.247467,5.761917,-2.1870422
39918,-4.1850433,1.6366882,0.46899414
39925,-3.1011047,-3.0221405,3.139389
39931,-4.153946,-6.9750824,16.579865
39937,-3.1417694,-8.149948,25.347168
39943,-0.6412811,-5.7786713,22.693527
39948,-0.21534729,-3.8620148,14.955139
39952,-1.6701965,-1.5649109,7.582855
39956,-4.240082,1.5194397,3.5988007
39963,-7.4273224,4.08934,1.2299042
39969,-5.95813,4.0414734,3.7854462
39974,-4.342972,0.06939697,7.350754
39980,-3.357132,-2.383255,13.536194
39984,-0.7680969,-5.252243,19.144974
39989,2.555542,-5.9078827,19.50151
39995,3.2733765,-4.692322,13.081558
39999,3.4097748,-2.033905,5.3599243
40004,-1.1724854,2.7565308,-2.9623108
40009,-6.262024,8.642868,-7.4392853
40016,-5.264206,8.149948,-2.8905334
40028,-3.5605164,2.531601,4.778473
40033,-3.4767761,-2.0410767,12.689133
40037,-4.6253204,-5.848053,21.035309
40041,-1.8855438,-6.7501526,23.617157
40044,2.1559296,-6.4342957,21.384659
40050,3.3356018,-2.1224365,12.976273
40055,-1.3423767,4.783249,-2.5172424
40061,-2.8857422,9.796219,-6.3840485
40066,-2.926422,5.996414,-2.0554352
40070,-6.69751,0.9906311,6.6089783
40075,-8.575882,-3.952942,20.197815
40081,-3.6801605,-6.7166595,25.854446
40086,0.6388855,-6.2811584,23.078781
40091,1.3423767,-3.0604248,15.694519
40098,1.8592224,1.6630096,1.1940155
40103,0.23928833,8.633301,-9.556931
40110,-0.2871399,12.076584,-10.62413
40115,-3.838089,5.71167,-9.76033
40121,-9.269791,3.2374878,4.2592316
40127,-8.075775,-1.9286194,13.945374
40135,-0.4139557,-7.3698883,23.54538
40140,5.5633087,-9.334396,24.94757
40146,3.6753693,-6.941574,19.408188
40151,-2.067398,-0.6771698,5.252243
40160,-2.4717865,5.2546387,-1.351944
40169,-0.7920227,6.0227356,-2.0889282
40172,-4.4195404,5.5633087,-3.4384918
40176,-8.185852,4.405182,0.29193115
40182,-8.776871,1.4189453,11.447266
40187,-2.4191437,-3.4648132,19.956146
40192,5.785843,-6.422333,23.363525
40197,6.9391785,-6.2165527,18.312271
40202,1.8424683,-3.603592,11.002197
40209,-5.5585327,2.6440735,3.952942
40214,-6.4366913,8.504089,0.8063812
40218,-5.5250244,9.037689,-1.5768738
40223,-10.363312,9.571289,-2.5651093
40227,-12.83989,9.540192,-2.5962067
40232,-12.105286,2.670395,-2.100891
40237,-6.941574,-5.4604187,12.354141
40243,3.7854462,-12.421143,23.351562
40249,14.818756,-13.406982,24.485748
40255,20.042282,-10.68396,18.81955
40260,14.402405,-9.099899,13.00499
40265,7.372284,-6.1423798,9.722046
40269,0.04547119,-1.6749725,4.0175476
40272,-3.8165588,4.9411774,0.112457275
40275,-5.522629,8.659622,-4.417145
40278,-6.077774,8.551941,-5.3694916
40281,-5.161316,4.795212,-0.119644165
40283,-2.3114624,-0.090927124,8.786438
40287,1.4979095,-5.0392914,16.290344
40290,6.2572327,-7.4608154,17.742783
40300,5.0943146,-5.54657,15.589233
40304,-0.36131287,-2.9910278,11.229523
40307,-5.1062775,-0.62931824,7.2430725
40311,-5.474777,1.2705841,6.3601227
40315,-2.2468567,3.2662048,7.278961
40320,-2.5459595,2.3449707,4.278366
40325,-1.9381866,-1.5074768,5.9533386
40331,0.1651001,-7.688141,17.666214
40336,2.1056824,-9.705292,24.720245
40341,-2.6656036,-7.858032,25.055252
40345,-5.276169,-4.7736816,22.009186
40349,-5.2881317,-1.2059784,11.889938
40353,1.105484,2.600998,0.093322754
40357,8.0327,6.563507,-13.493134
40361,7.824524,8.937195,-16.469803
40365,3.397812,5.2450714,-6.1663055
40369,0.38046265,1.1844482,6.0394897
40372,-0.825531,-5.448456,15.938599
40377,-4.7808533,-7.910675,22.779678
40380,-6.809967,-6.173477,23.614761
40384,-2.2253265,-4.4817505,18.601807
40388,1.174881,-2.0865479,11.8349
40393,2.120041,1.2394867,4.0175476
40400,0.95951843,4.204193,-2.0315094
40406,-0.7154541,5.54895,-1.6988983
40411,-0.830307,3.6921234,1.1724854
40416,-0.48095703,-0.7393799,6.896118
40421,-4.9794617,-6.455841,18.764511
40425,-7.085144,-7.5684967,25.308884
40430,-5.9485626,-6.9798584,21.815369
40433,-4.1156616,-4.244873,17.682968
40438,-0.7680969,-1.0049896,9.22673
40443,-0.21057129,2.7014923,2.3066864
40448,4.0582275,6.1256256,-3.522232
40454,2.3377838,7.2502594,-5.0345
40461,-1.0791626,6.209381,-2.5914307
40468,-4.2927246,3.7591248,2.222931
40474,-5.8002014,-1.4333038,11.1362
40480,-6.9104767,-7.3914337,20.96112
40485,-3.6681976,-8.1427765,22.918457
40492,-0.01675415,-4.022339,16.264023
40497,2.0530396,1.6869354,6.1663055
40501,1.8999023,6.953537,-1.861618
40506,0.4857483,10.576279,-4.6707916
40512,-3.3140564,9.7005005,-1.1318054
40518,-6.2189484,6.8841553,5.1924286
40522,-6.7453613,3.1609192,11.114655
40526,-4.6588287,-2.1918182,18.386444
40530,-0.102890015,-4.790436,21.621552
40536,4.811966,-3.5605164,17.405396
40543,4.3573303,-0.9260254,11.045273
40548,1.9525452,2.979065,6.817154
40553,0.899704,5.087143,2.100891
40558,0.1986084,5.194824,3.036499
40563,-4.0917206,3.4911346,8.889343
40569,-9.621536,-0.071777344,16.359726
40577,-7.984848,-2.8618164,20.657242
40583,-2.9192505,-4.4075775,20.147568
40589,-0.36131287,-2.670395,15.747162
40594,1.8400879,-0.22253418,7.298111
40601,1.8783722,2.7924194,1.7802582
40608,0.5264282,5.0608215,-0.4402771
40613,0.050247192,5.4795685,-4.1778717
40619,-0.91645813,4.62294,-3.4145508
40624,-2.1511536,2.0650024,1.3639069
40629,-1.8017883,-1.8448639,8.183456
40634,-4.1156616,-6.9750824,13.167709
40640,-4.924423,-6.1950226,20.334213
40645,1.8975067,-4.1730804,18.125626
40653,6.8147583,-0.72024536,8.714661
40661,6.7214355,3.9314117,0.009567261
40667,2.273178,6.7453613,-4.1611176
40674,-4.821533,6.5395813,-0.21534729
40681,-8.413162,4.3573303,7.171295
40687,-6.089737,-1.2107697,13.31366
40692,-3.7878418,-7.3339996,20.518448
40696,-0.7920227,-10.157532,27.86203
40701,-1.3304138,-9.418152,31.676193
40707,-2.136795,-4.721039,22.2724
40715,-1.6534424,-1.2729797,4.3142548
40717,-1.7730865,4.381256,-5.9533386
40720,-5.9533386,8.17627,-6.6807556
40722,-9.214767,8.633301,-1.4356995
40726,-8.449051,5.108673,4.1443634
40731,-6.025131,0.6197357,11.112274
40736,-1.529007,-2.8618164,16.290344
40742,2.313858,-3.2662048,16.835907
40748,3.041275,-1.2179413,14.285156
40754,2.8594208,1.763504,4.2759705
40758,1.2227325,5.7427673,-4.99382
40762,-2.892929,7.709671,-5.81456
40768,-7.8101807,7.097107,-1.9094696
40775,-10.987839,5.058426,2.2372894
40781,-10.894516,2.280365,3.9864502
40788,-6.752548,-1.8209381,12.622147
40795,1.1533356,-7.0612183,19.719254
40801,7.5062866,-6.415161,17.974884
40806,7.3531494,-3.3714905,11.62912
40947,0.24406433,6.563507,7.5086823
40950,0.117248535,6.525223,7.630707
40953,0.009567261,6.623337,7.410568
40955,0.071777344,6.5898285,7.3698883
40958,-0.100494385,6.5324097,7.286148
40960,-0.6125641,6.757324,7.2430725
40963,-0.5240326,6.71904,7.0660095
40966,-0.5742798,6.8027954,6.9344025
40975,-0.40438843,6.809967,6.754944
40986,-0.119644165,6.5682983,6.86261
40988,-0.16989136,6.518051,6.8315125
41001,-0.21534729,6.558731,6.8027954
41003,-0.3254242,6.4989014,7.0660095
41005,-0.25602722,6.525223,6.9655
41009,-0.102890015,6.5108643,6.8769684
41012,-0.2416687,6.479767,7.030121
41015,-0.21534729,6.448654,7.0875397
41019,-0.18424988,6.4654083,7.1114655
41021,-0.27757263,6.364914,7.113861
41024,-0.3637085,6.3960114,7.204788
41026,-0.22492981,6.4342957,6.896118
41028,-0.36131287,6.5898285,6.920044
41031,-0.3134613,6.479767,7.137787
41034,-0.5312042,6.5156555,7.032501
41038,-0.8063812,6.6879425,7.286148
41041,-0.41635132,6.6376953,7.101898
41043,-0.45942688,7.063614,6.8745728
41046,-0.4737854,7.4249268,6.592224
41049,-0.34695435,7.901108,6.037094
41052,-0.30867004,8.434708,5.6973114
41054,-0.7465668,9.418152,4.474579
41060,-1.2227325,11.251053,1.3232269
41065,-1.5457611,11.923431,-0.74417114
41070,-0.93559265,10.494919,-1.2035828
41075,-0.04067993,8.470596,0.8638153
41080,1.5673065,7.178467,2.8187408
41084,3.2087708,6.6424713,4.3166504
41089,4.515259,5.5872345,6.2117615
41093,6.6185455,4.0462646,5.929413
41098,5.65184,2.864212,4.8837585
41102,1.8089752,1.6486511,6.3026886
41106,-1.8089752,1.3184509,8.8007965
41111,-3.4743805,0.727417,9.049652
41116,-2.3856506,-0.04307556,7.9202423
41120,-2.847458,-1.3088684,9.858429
41124,-4.220932,-2.6273193,13.696518
41129,-4.651642,-3.3666992,18.666412
41134,-2.926422,-3.809372,20.360535
41141,-2.8115692,-2.4358978,16.472198
41146,-4.5750732,0.6316986,9.915863
41151,-5.79303,4.76651,4.864609
41156,-6.501297,6.22612,5.3479614
41160,-6.0346985,3.830902,10.669601
41164,-4.0247345,-0.059814453,15.598816
41167,0.4402771,-3.706482,18.436707
41171,3.2039948,-3.9768677,15.649063
41177,1.7754669,-0.76091003,11.119446
41183,0.009567261,2.3497467,7.618744
41189,-1.976471,4.9172516,4.342972
41194,-2.2540436,5.2785645,3.8332977
41199,-2.153534,2.663208,5.1517487
41203,-2.6775665,1.6223297,8.525635
41208,-1.5936127,-1.7658997,13.385452
41213,0.66041565,-4.0486603,16.486542
41220,2.1296082,-4.3501587,16.733017
41235,2.4047852,-2.9910278,14.665604
41240,0.24645996,-0.8231354,9.908676
41245,-3.4337006,3.7878418,4.405182
41250,-5.7786713,8.396408,1.174881
41255,-4.244873,8.987442,-1.2945099
41260,-2.0865479,7.664215,-2.6895294
41264,-1.6725769,5.4293213,-1.7108612
41271,-0.96191406,1.3782654,3.900299
41276,0.5264282,-4.472183,13.962128
41284,3.0915222,-7.903488,22.796417
41292,3.9960175,-8.324631,23.042877
41297,3.2183533,-5.761917,16.651657
41301,-0.55274963,-1.5912323,10.238892
41307,-2.823532,3.4839478,6.599411
41309,-2.8139648,5.46521,3.883545
41314,-1.454834,5.350357,3.0293121
41322,-0.72024536,3.550949,5.132599
41327,1.3471527,-0.55513,11.062027
41330,2.182251,-3.6466675,15.316452
41333,1.6295166,-4.3740845,16.907684
41338,1.3686981,-3.3092804,15.129822
41343,0.20100403,-0.32781982,11.337189
41348,-0.8829498,2.720642,7.2598267
41355,-1.2322998,4.902893,4.2352905
41361,-1.5481567,6.467804,2.3186493
41367,-0.4905243,6.1543427,2.354538
41372,1.4787598,3.1609192,5.4628143
41378,2.7517395,-1.524231,12.174683
41384,1.076767,-3.2063751,17.273788
41389,-0.33021545,-1.7682953,17.27858
41394,-0.91645813,-0.6197357,14.687149
41398,-1.758728,1.0384827,11.818146
41402,-3.8931274,4.6205444,6.7501526
41406,-3.7160492,8.250458,0.74894714
41411,-0.79441833,8.528015,-2.6249237
41416,1.5003052,5.4317017,2.5028992
41421,2.617752,-1.1006927,10.179062
41426,3.739975,-4.0749817,16.266403
41432,2.3641052,-3.9625092,17.967712
41439,1.8137665,-2.2181396,15.479172
41446,-0.7728882,-0.31585693,10.880173
41451,-3.8931274,4.7688904,8.372482
41458,-3.0221405,7.554138,3.4624176
41468,0.90448,7.4943237,-0.20100403
41472,1.5553284,6.032303,0.67237854
41477,0.5670929,3.1872406,7.3986053
41483,0.033493042,-1.076767,14.457428
41490,-0.059814453,-4.2879333,20.03749
41495,1.7180481,-4.508072,19.48236
41501,3.5461578,-2.1583252,13.921448
41507,2.3306122,0.21534729,9.128616
41512,-1.4715881,2.6033936,5.745163
41519,-4.4578247,7.652252,2.7469635
41534,-4.584656,9.284149,-0.33738708
41539,-2.7158508,8.647659,0.37327576
41545,-1.3663025,4.78804,3.397812
41549,-1.2538452,0.99302673,10.054642
41554,-0.13877869,-3.6801605,17.740387
41560,3.3020935,-6.171097,20.829529
41565,5.024933,-5.379059,16.929214
41571,1.8257294,-1.8879395,12.107681
41575,-3.1920319,4.1395874,6.9511566
41581,-4.6372833,8.547165,4.6325073
41585,-1.5912323,7.901108,1.6438751
41589,0.94277954,5.419739,1.9740753
41593,2.033905,1.3758698,8.453842
41598,1.9190369,-3.2087708,15.890732
41602,1.5003052,-4.4195404,19.527832
41607,1.8209381,-3.1609192,17.515457
41616,1.4428711,-0.90448,12.466614
41621,-1.2227325,1.935791,8.721832
41625,-5.07518,6.989441,3.912262
41629,-5.2785645,9.791428,0.18664551
41635,-2.9838562,8.3198395,-0.8279114
41641,-1.8448639,5.5010986,2.2612152
41645,-2.321045,2.9024963,8.370087
41650,-2.033905,0.46899414,13.942978
41655,0.5862427,-1.9740753,17.024933
41661,2.8618164,-2.6775665,15.952942
41665,2.8187408,-1.0504456,13.275375
41670,1.2203369,1.1270142,9.332016
41676,-2.3066864,5.864807,4.2185516
41682,-2.5220337,8.745773,1.7946167
41688,-0.9690857,7.216751,1.3447723
41695,-0.5623169,5.2546387,4.589432
41701,-0.899704,2.7134552,9.724426
41708,1.0552368,-1.6199341,15.608383
41717,3.7328033,-3.6227264,16.706696
41723,3.2303162,-2.4430695,14.665604
41729,0.91166687,0.90927124,10.011566
41737,-1.804184,5.89592,4.6947174
41743,-3.390625,8.764908,1.3830566
41749,-2.7684937,7.8867493,1.1318054
41756,-0.70588684,4.194626,2.4502563
41761,-0.5742798,0.2416687,4.3453674
41768,-0.85902405,-4.1515503,12.538391
41773,-1.7515411,-9.915863,21.0018
41777,1.2131653,-12.918854,27.393036
41781,5.3982086,-10.877777,26.9384
41785,4.6995087,-6.1495514,18.379272
41791,2.280365,-0.44267273,4.9172516
41797,3.2996979,6.364914,-4.170685
41802,5.419739,9.724426,-8.260025
41809,3.4983063,8.303101,-6.1423798
41814,1.6630096,5.5417786,2.268402
41818,0.928421,2.038681,8.597412
41823,1.036087,-1.4955139,11.064407
41830,-3.7088776,-3.3762665,13.942978
41843,-6.2644043,-2.457428,16.386047
41848,-5.8169556,-0.49531555,14.885757
41851,-4.697113,2.4526367,9.255432
41854,-2.4023895,5.3766785,2.9527435
41858,1.6295166,5.8217316,-0.27757263
41862,4.6636047,4.2711945,0.9571228
41867,4.311859,1.8999023,3.8022003
41871,3.5198364,0.42114258,9.978073
41877,2.7086792,-2.4598236,13.512268
41882,1.5266266,-4.9004974,16.912476
41886,-4.8717804,-5.723633,19.401001
41890,-11.160126,-2.945572,18.699905
41895,-15.814163,0.32063293,16.627731
41900,-13.56012,0.2679901,7.5182495
41905,-6.5324097,4.8885345,-0.5790558
41912,-7.7431793,5.2666016,3.1776733
41917,-6.2237244,4.5343933,7.147354
41920,-1.0935211,4.577469,5.924637
41922,4.2017975,4.055832,3.9553375
41924,5.108673,3.1537476,1.4883423
41929,3.0221405,3.4648132,0.18424988
41934,-1.4691925,3.1465607,2.7589264
41938,-6.0155487,2.979065,8.528015
41940,-9.253052,3.2015991,15.672989
41942,-7.554138,0.2871399,18.821945
41945,-0.39720154,-0.34217834,15.86441
41950,4.5104675,0.98106384,10.200607
41954,4.153946,3.448059,2.2372894
41958,0.84706116,7.0372925,-3.2159576
41962,-0.7728882,7.738388,-3.7040863
41966,-2.5531464,4.800003,1.0624084
41970,-5.9437714,1.1198425,10.657639
41973,-8.621338,-0.7130585,20.03032
41977,-5.9724884,-1.8759766,23.236694
41981,-0.29431152,-1.8879395,21.284164
41987,2.2014008,0.114852905,13.153351
41992,2.4717865,4.101303,2.3665009
41996,-0.07896423,7.635498,-4.072586
41999,-1.7156525,8.054245,-3.053238
42002,-5.6805573,5.924637,1.8257294
42006,-8.657227,3.912262,10.073776
42010,-9.032898,1.1581268,17.199615
42015,-5.996414,-0.14596558,18.123245
42019,-3.7662964,-0.4355011,15.943375
42024,-1.7491608,0.87098694,14.050659
42027,-0.5790558,2.9288177,9.114258
42032,-0.83270264,6.1040955,1.1916199
42036,-1.4811554,8.384445,-4.2592316
42040,0.39959717,9.028122,-3.775879
42045,-1.2681885,5.6566315,-2.909668
42047,-1.9740753,0.7680969,2.720642
42051,0.052642822,-4.9004974,16.857437
42055,3.6562347,-7.795822,25.47638
42068,2.3114624,-6.5563354,24.9021
42072,2.1272125,-2.967102,18.240494
42077,0.94277954,0.9571228,6.489334
42081,-0.928421,6.0562286,-4.8430786
42086,-1.2059784,8.458633,-4.8311157
42092,-3.5365906,5.843277,-0.3134613
42098,-6.8745728,3.4504547,7.630707
42103,-7.824524,0.1531372,17.883957
42109,-4.615753,-3.6490479,24.38765
42115,-1.4069824,-5.967697,23.009384
42122,-0.89730835,-3.4217377,13.737198
42128,-4.072586,3.5270233,1.2179413
42134,-4.1683044,9.774673,-7.348358
42140,-3.156128,11.222336,-10.351349
42145,-4.352539,10.425522,-11.377869
42151,-10.143173,5.24028,-9.88475
42155,-5.070389,-3.653839,19.027725
42159,0.12921143,-8.872589,29.38147
42162,0.9499512,-8.882156,28.180267
42167,0.028717041,-3.7543335,19.527832
42173,0.110076904,0.3756714,10.803589
42178,-1.1988068,3.4097748,3.8931274
42183,-1.9669037,6.2883453,0.29670715
42188,-3.6107635,6.654434,-0.36610413
42192,-3.357132,3.6059875,5.448456
42196,-0.8805542,-1.0169525,13.225128
42200,0.7800598,-3.768692,18.575485
42204,0.42591858,-4.4267273,19.140182
42209,2.5938263,-3.0460663,15.897919
42217,1.6534424,0.49771118,9.1453705
42224,-1.4404755,5.7140656,-0.5240326
42230,-3.2686005,8.0686035,-2.7972107
42238,-4.125229,5.079956,1.6390839
42243,-7.9537354,2.5005035,3.4815521
42247,-8.798416,0.7154541,-0.75852966
42253,-3.8955078,-7.1210327,-0.0765686
42258,3.6921234,-14.725433,15.893127
42264,9.808182,-16.656433,31.611588
42270,5.5250244,-14.404785,28.816772
42276,-2.651245,-9.394226,16.441086
42281,-4.6995087,-1.7826538,10.375275
42289,-0.73220825,1.6797638,4.0582275
42295,1.8855438,3.3762665,-0.8614197
42298,2.6057892,3.4217377,-1.1581268
42302,3.4983063,0.119644165,-2.1559296
42306,3.6586304,-5.09671,7.6953125
42310,3.0747833,-9.518646,18.137604
42313,2.383255,-11.263016,23.191238
42319,-1.277771,-10.997406,21.63829
42325,-10.48056,-5.0153503,13.670197
42331,-13.782654,3.3236237,3.981659
42338,-8.398804,6.948761,-0.5312042
42344,-0.58384705,6.845871,-4.4578247
42350,3.3379822,3.7543335,-6.6017914
42359,2.4095764,-1.5792694,-0.825531
42363,2.153534,-7.032501,8.477768
42366,1.7539368,-10.710281,16.555939
42371,0.90927124,-10.478165,21.59523
42375,-1.6534424,-9.693329,21.377472
42378,-8.484955,-5.9940186,15.594025
42382,-17.072784,-0.67237854,7.4727783
42387,-19.410583,1.7371826,3.2566376
42393,-12.098114,-0.42114258,5.654236
42399,-1.9525452,-2.045868,8.264816
42405,4.634903,-2.9407806,10.516449
42409,9.066406,-3.8548431,13.95015
42415,13.466812,-5.9150543,13.057632
42420,18.108887,-8.080566,11.62912
42425,16.347763,-8.611771,11.48555
42433,10.226929,-9.611969,8.633301
42437,1.0600128,-11.303696,6.364914
42441,-15.438492,-8.382065,3.9673004
42443,-39.74478,2.7086792,10.023529
42446,-28.08934,4.0366974,14.550751
42449,-3.1680908,-0.0765686,15.527023
42453,10.1814575,-2.1559296,14.476578
42459,12.658035,-1.5673065,8.099701
42465,9.150162,-1.4667969,1.1126556
42469,2.4478607,-0.80158997,-0.7130585
42475,-3.5796661,-0.32302856,1.5050812
42480,-11.298904,-0.062210083,7.0588226
42484,-10.545166,-1.4333038,17.907883
42488,-0.94755554,-5.8002014,23.030914
42494,4.7569275,-4.936386,17.99881
42499,4.984253,-2.4669952,9.710068
42504,1.5003052,0.50727844,1.7108612
42510,-3.8165588,4.6492615,-2.4957123
42516,-6.7860413,5.8121643,-1.3495483
42522,-7.298111,3.036499,2.0817566
42527,-5.1110687,-1.4045868,11.205582
42532,-1.8687897,-6.9463654,22.157532
42538,1.7874451,-8.822342,27.627533
42544,2.1894379,-7.8747864,24.55275
42550,2.2947235,-6.4701996,14.199005
42555,-1.0145569,-2.2564392,2.876175
42562,-7.2598267,7.4560394,-7.4392853
42568,-6.238083,12.344574,-7.692932
42574,-3.8404846,7.8436737,-3.7615204
42579,-3.3379822,3.2925262,2.4478607
42583,-2.8163452,-0.72502136,12.153152
42587,0.45463562,-4.4147644,15.2973175
42591,2.9694977,-6.75972,15.3667145
42596,6.7740784,-7.216751,19.881958
42602,8.647659,-6.032303,19.006195
42608,1.5744781,-3.7304077,11.995224
42615,-7.195221,2.3497467,5.860016
42620,-9.47319,6.422333,1.4811554
42633,-5.584854,4.4362946,2.5579224
42638,-2.9144592,2.514862,4.6540375
42642,-0.34457397,1.3208313,3.3068848
42647,2.388031,-1.701294,3.2111664
42651,5.34317,-5.166107,11.4664
42657,9.413361,-9.588043,19.738388
42663,10.884949,-9.341583,24.28476
42668,3.8931274,-7.8149567,20.044678
42671,-5.785843,-7.0947266,13.526627
42676,-17.371887,-1.6390839,7.7982025
42681,-13.39502,4.2352905,6.941574
42688,-1.3782654,4.1395874,6.455841
42694,5.745163,2.9312134,3.2326965
42699,7.3459625,2.2468567,-0.6388855
42702,7.4680023,-0.2679901,0.933197
42707,4.5511475,-3.981659,7.125824
42712,2.1320038,-6.821945,14.792435
42717,-0.7680969,-7.6115723,20.255249
42721,-5.0895386,-7.360321,19.216766
42724,-6.896118,-4.2879333,16.08934
42726,-3.8165588,-0.93559265,9.94696
42729,-0.119644165,2.1272125,4.759323
42732,0.12921143,3.9673004,2.2994995
42734,-0.3062744,5.17807,0.110076904
42736,-0.31825256,5.0488586,-0.94755554
42739,0.6771698,3.7375946,4.237686
42742,-0.1268158,-1.2897339,13.785049
42745,-0.9786682,-3.6155548,19.099518
42748,-3.151352,-2.7469635,19.068405
42753,-3.661026,-1.0576324,15.34996
42758,-4.8071747,1.5792694,9.542572
42764,-4.99382,6.1902313,3.6418762
42770,-4.208969,8.193024,-1.0624084
42777,-0.25125122,6.541977,-1.5720825
42783,1.1820526,3.775879,1.1557312
42787,-0.17228699,-0.34217834,7.1617126
42791,1.3615112,-6.0562286,16.74736
42796,6.1040955,-9.444473,23.787048
42801,5.4723816,-7.001404,22.377686
42808,1.380661,-4.347763,17.118256
42813,-2.321045,-2.4502563,9.28894
42816,-3.493515,2.383255,5.962921
42819,-3.8452606,5.584854,2.794815
42825,-4.4578247,7.204788,-0.5431671
42832,-4.902893,6.908081,-1.8113708
42838,-4.9004974,6.070587,1.2012024
42843,-3.8117676,3.6705933,6.0442657
42848,-1.5912323,-2.388031,14.847458
42854,4.771286,-7.9704895,22.013962
42861,5.7092743,-6.415161,18.774094
42867,-2.074585,-0.32781982,14.009979
42872,-8.482559,3.3762665,5.38385
42877,-6.1782684,7.5373993,0.9451599
42886,-1.9716797,6.838684,0.28234863
42896,-0.24406433,5.3766785,-1.7754669
42899,-1.409378,4.2352905,0.5814514
42901,-1.4907227,-0.73698425,8.843872
42906,3.1609192,-6.7740784,17.429321
42910,6.4630127,-7.7982025,23.921051
42915,2.7397766,-5.099106,21.040085
42921,-3.0939178,-0.77526855,10.928024
42925,-4.2879333,3.5796661,6.3098755
42930,-2.009964,5.5417786,1.0217285
42932,-1.0695953,6.5898285,-2.3928223
42938,-2.6416779,5.716461,-1.4045868
42942,-2.2612152,1.6582336,9.008972
42947,2.4550323,-4.1204376,18.436707
42953,4.2185516,-4.3836517,22.17189
42957,3.3068848,-3.4456635,18.3051
42962,1.4883423,-1.6630096,11.255844
42969,-3.5437775,3.1465607,6.6424713
42973,-3.4863434,5.761917,3.878769
42979,-1.3208313,5.30249,1.0456696
42984,-1.6869354,4.072586,-0.119644165
42989,-1.6941223,2.2372894,3.3044891
42995,-0.59103394,-1.385437,7.709671
43002,2.5531464,-8.0686035,13.198807
43008,5.2618103,-8.585449,18.88176
43014,3.3427734,-6.41037,18.867401
43020,1.799408,-5.54657,15.337997
43025,-2.1248322,-1.1294098,10.892136
43029,-7.204788,4.6133575,3.7519531
43034,-2.5818634,5.2857513,0.3900299
43039,1.8161469,3.213562,0.42114258
43043,1.3016968,-0.5359955,4.6660004
43048,4.0773773,-8.444275,12.196213
43053,8.803192,-11.578873,19.64746
43058,7.0995026,-10.839493,21.853653
43065,0.39242554,-7.2143555,16.199417
43071,-7.6618195,-1.2418823,9.109482
43076,-6.3505554,3.797409,7.5684967
43080,-1.8065796,4.8263245,6.0155487
43085,-0.13877869,6.305084,-0.8949127
43090,-2.0865479,5.414963,-5.2833557
43096,-1.8305054,0.6316986,0.32302856
43102,1.8592224,-3.4097748,11.705688
43107,5.3934174,-7.9417725,22.08815
43112,5.967697,-7.5996094,23.633911
43117,0.9571228,-5.3647156,13.708481
43121,-4.656433,0.41874695,6.24527
43127,-5.412567,4.352539,2.2755737
43134,-3.7830505,5.7021027,2.6656036
43140,-2.967102,4.852646,1.3375854
43144,-2.1032867,2.9001007,4.1826477
43149,1.4428711,-1.6749725,9.233902
43153,4.1730804,-6.2069855,14.706284
43160,5.5298157,-7.2335052,15.270996
43168,7.652252,-7.939392,17.551361
43180,4.342972,-5.761917,15.615555
43186,1.0217285,-2.9024963,15.079575
43190,-0.9451599,-0.4905243,11.641083
43194,-1.8807526,2.5028992,6.932007
43197,-2.5651093,5.419739,2.663208
43202,-1.6797638,5.9318085,-0.40678406
43206,-0.727417,7.5086823,-2.7708893
43210,0.96191406,4.76651,-2.6057892
43216,-0.66041565,0.73220825,0.7657013
43221,-1.2514496,-3.1824493,9.250656
43226,-1.0193481,-7.075577,12.691528
43232,1.450058,-6.6400757,14.510071
43238,2.6727905,-4.689926,15.323639
43242,2.6153564,-4.2951202,14.890533
43246,-1.0887299,-3.9768677,11.949753
43250,-4.141983,-2.4646149,11.358734
43254,-4.3836517,-2.096115,12.815964
43257,-1.2634125,-2.2253265,13.174881
43262,2.7182465,-3.534195,10.925629
43267,7.1521454,-5.170883,10.408783
43272,7.8388824,-6.6879425,9.379868
43277,4.759323,-5.3407745,7.652252
43282,-2.9120636,-1.8711853,5.1182404
43286,-9.030518,4.445862,4.893326
43293,-8.772095,8.891724,5.905487
43298,-5.292923,5.996414,6.2691956
43302,-0.107681274,1.0241241,5.108673
43307,3.677765,-5.8097687,8.370087
43312,11.684158,-9.951752,15.651459
43317,11.310867,-9.767502,16.859833
43323,1.1365967,-7.2095795,13.112671
43328,-10.645676,0.74894714,8.839081
43334,-10.616959,8.815155,8.583054
43340,-4.1778717,4.967499,7.3746796
43346,-0.5886383,0.825531,8.374878
43352,1.8089752,-3.7184448,7.6857452
43358,8.5208435,-8.075775,12.167511
43364,9.841675,-8.549561,14.103302
43371,3.3523407,-6.752548,11.708084
43376,-3.3068848,-2.251648,6.324234
43381,-8.238495,3.7591248,4.8789673
43387,-5.161316,4.577469,4.54158
43393,-2.2947235,1.3375854,6.4582214
43399,0.5288086,-0.44984436,7.709671
43406,2.651245,-2.4646149,11.143372
43413,4.6301117,-4.23291,14.687149
43419,3.5365906,-3.871582,17.039291
43426,-4.5726776,-4.754532,14.593826
43432,-11.418549,0.8111725,9.403793
43436,-9.877579,4.1563263,9.408585
43441,-5.414963,1.6797638,12.086151
43446,0.83509827,-0.4402771,12.308685
43451,9.205185,-3.3260193,11.38266
43456,10.70549,-4.290329,8.042282
43462,1.9597168,-3.0747833,5.414963
43467,-9.600006,1.385437,3.7734833
43472,-11.243881,6.3720856,9.341583
43478,-7.0205383,5.577667,12.598206
43486,-6.479767,2.6943207,13.586441
43489,-3.8620148,-0.21534729,13.9166565
43493,3.242279,-1.5385895,12.952347
43497,7.932205,-2.1894379,8.882156
43502,4.8670044,-0.73220825,3.4360962
43507,-0.9834442,2.5986023,-0.7154541
43512,-7.113861,6.4654083,-0.37327576
43517,-8.403595,5.1421814,5.190033
43523,-9.052048,2.3688965,10.305893
43527,-6.130417,-1.7467651,14.356934
43532,-1.1174469,-5.5657043,16.201797
43537,3.907486,-5.144562,15.553345
43541,5.551346,-3.3236237,11.504684
43544,4.1324005,-0.26560974,6.4582214
43548,-4.311859,6.0801697,1.557724
43553,-7.6713867,10.817947,-0.57188416
43559,-7.680954,7.2311096,2.9120636
43564,-7.0612183,0.9786682,8.197815
43570,-6.570694,-3.3427734,12.248856
43574,-4.3214417,-5.6661987,15.510269
43579,-2.864212,-10.167099,17.05365
43583,4.319046,-10.231705,18.850662
43586,12.067001,-7.968094,17.194824
43589,11.617157,-6.455841,10.719849
43592,4.5966187,-4.5343933,6.1543427
43595,-1.9956207,-1.8783722,4.450653
43599,-7.6331024,0.95951843,7.075577
43603,-9.006592,5.1637115,10.681564
43606,-3.9481506,-0.40438843,12.524033
43610,3.036499,-4.9531403,13.718048
43614,9.415756,-4.886139,14.014755
43617,8.554337,-3.7950134,9.030518
43624,0.38523865,-1.9190369,1.5912323
43629,-7.257431,4.273575,1.5098724
43633,-7.2622223,6.4055786,7.9465637
43638,-6.8745728,2.074585,13.25145
43641,-3.8811646,-2.2420807,18.30748
43645,0.95474243,-3.665802,17.42453
43647,3.8739777,-2.120041,10.061813
43650,2.7828522,0.4283142,6.077774
43652,2.0075836,3.8022003,2.4023895
43653,0.24406433,7.147354,-0.57188416
