25128,-5.8384857,3.4241333,8.161911
25130,-4.055832,3.007782,8.544769
25132,-1.6390839,1.134201,8.310272
25133,0.15792847,1.2155609,9.717255
25135,0.9499512,1.6342926,10.071396
25142,-0.55274963,0.9571228,8.762512
25149,-2.9001007,1.0504456,8.121246
25157,-3.5198364,1.4859467,8.757736
25160,-1.5673065,1.385437,10.222137
25164,-0.933197,0.35891724,9.67897
25168,-1.8855438,-0.53359985,9.28894
25171,-3.6634064,-0.13400269,8.858231
25176,-2.6990967,-0.009567261,9.387039
25178,-1.7754669,-0.94277954,11.325226
25182,-0.5886383,-2.6273193,12.382858
25187,1.3495483,-2.3114624,14.337799
25191,1.5003052,-2.3042908,16.141983
25196,-0.46180725,-2.3665009,14.478973
25202,-0.94755554,-1.3088684,12.447464
25208,-0.7346039,-0.1651001,9.767502
25212,-1.7156525,1.8017883,7.4608154
25217,-3.357132,3.3044891,6.1327972
25221,-2.6105652,3.5605164,5.9940186
25225,-0.44267273,3.5246277,6.197418
25229,0.17468262,2.9144592,6.620941
25233,-0.22732544,1.0887299,9.671783
25237,0.2368927,-0.29670715,12.516861
25240,0.4665985,-0.84706116,13.4691925
25244,-0.021530151,-0.69869995,12.411575
25246,-0.47138977,0.8949127,9.013763
25250,-0.6915283,3.1609192,4.668396
25252,-0.0023956299,3.5820618,3.665802
25255,-0.9403839,2.5986023,6.16391
25258,0.29910278,0.033493042,9.875183
25262,-0.12921143,-0.5264282,12.770493
25266,-1.6390839,-1.0887299,13.935806
25270,-2.7876434,-0.1603241,13.239487
25274,-3.488739,2.7445679,9.7986145
25279,-3.7088776,4.094116,5.127823
25284,-2.6081696,4.1611176,6.829117
25288,-0.77049255,1.5218353,9.841675
25293,0.9523468,-0.24645996,12.277573
25298,0.6652069,-0.8422699,13.414169
25302,-1.002594,-0.2033844,12.564713
25307,-1.8065796,2.0913239,9.9062805
25312,-1.5481567,3.4289093,7.1641083
25317,-0.7417755,4.3501587,3.5724792
25322,-2.5220337,3.500702,4.7617188
25330,0.122039795,1.529007,7.972885
25333,1.3878326,-0.08375549,11.263016
25338,-0.04307556,-1.0217285,12.878174
25343,-1.0863342,-0.3134613,12.69632
25348,-1.9429779,1.0217285,10.959122
25353,-3.4408722,2.292328,7.8963165
25359,-3.5557404,3.259018,7.750351
25364,-3.562912,3.7016907,7.5804596
25372,-2.108078,0.7992096,8.267197
25381,1.1892395,-1.483551,10.313065
25385,2.313858,-2.313858,13.835297
25389,1.6988983,-2.313858,14.474182
25403,0.624527,-0.43070984,11.23909
25407,-0.47616577,2.3330078,7.585251
25411,-1.5984039,3.632309,5.0081787
25413,-1.6773682,3.3068848,5.132599
25415,-0.90448,1.7060852,7.479965
25417,-0.23449707,-1.3830566,10.597809
25420,0.8039856,-1.9597168,14.684753
25423,-0.06700134,-2.1104736,14.682358
25426,-1.0049896,-0.19381714,11.863617
25430,-1.5050812,2.1343994,8.195419
25433,-1.660614,3.378662,5.888733
25436,-1.4237366,3.7256317,3.8428802
25438,-3.1489563,3.5246277,7.1282196
25440,-3.653839,0.28474426,7.276581
25443,-3.1298065,-0.5694885,10.298706
25448,-1.6055908,-0.7082825,12.849457
25452,-1.2610168,-0.5790558,12.212967
25458,-0.653244,1.4045868,9.671783
25465,-0.64845276,2.5746765,7.8891296
25472,-1.6797638,2.5986023,7.4727783
25477,-3.0580292,1.3543396,8.408386
25484,-3.9649048,-0.38285828,10.327423
25490,-2.4335022,-2.2994995,14.210968
25496,0.34457397,-2.0243225,14.75415
25502,0.9308014,-0.5647125,11.961716
25507,-0.41156006,2.0243225,8.4227295
25510,-1.3495483,3.6921234,5.6351013
25514,-2.280365,4.175476,2.8259277
25519,-2.6416779,3.2781677,5.67099
25524,-2.0530396,0.25602722,8.0327
25530,-0.117248535,-0.7728882,13.983658
25535,0.62931824,-1.5409851,15.134598
25539,0.46420288,-0.27278137,12.507278
25543,-0.58384705,1.8424683,8.681168
25546,-2.2085724,3.8739777,5.0895386
25547,-2.4813538,4.0414734,3.9553375
25550,-1.4165497,1.9932251,6.707077
25552,0.47616577,-0.825531,10.15036
25567,-0.8181,-0.05718994,10.666718
25571,-1.4782867,0.94947815,9.475098
25574,-1.0274811,1.2615051,8.937195
25579,-0.5027313,1.2749023,8.517731
25584,-1.121521,-0.09307861,9.7821045
25590,2.251648,-4.6133575,18.711868
25594,1.6654053,-4.0797577,19.166504
25598,0.83987427,-2.3162537,14.464615
25602,-1.8951111,0.75852966,7.573288
25606,-4.5798645,3.247055,2.9240265
25610,-4.445862,4.388443,2.251648
25614,-4.1491547,0.99780273,2.8139648
25618,-1.5553284,-1.2538452,11.310867
25621,-0.25602722,-3.0891266,16.965118
25626,-0.6891327,-2.4358978,17.25943
25630,-0.37806702,-0.7800598,11.748764
25635,-1.8687897,1.2634125,6.604187
25639,-4.0462646,3.151352,3.6490479
25643,-4.47937,3.7208405,3.797409
25647,-1.6151581,-0.96191406,4.965103
25652,1.2634125,-2.3042908,14.163116
25658,0.830307,-3.3092804,17.635101
25663,0.2416687,-2.2085724,15.570099
25670,-1.2418823,0.4139557,10.262817
25686,-3.378662,2.5507507,5.481964
25690,-4.9004974,4.3094788,3.139389
25694,-3.6993103,2.732605,2.950348
25698,-0.42114258,-0.3254242,5.6327057
25702,0.9667053,-2.2779694,13.823334
25706,0.7154541,-3.6825562,18.159134
25711,-0.17945862,-2.354538,17.029724
25717,-0.9260254,0.37088013,11.102692
25723,-2.395218,3.1465607,6.180664
25728,-3.4073792,4.730606,4.141983
25732,-2.5962067,2.651245,2.7684937
25736,0.46899414,0.57188416,4.7449646
25740,1.8089752,-0.8159485,10.853836
25744,0.34934998,-2.2301178,15.670593
25749,-0.059814453,-2.560318,16.161118
25754,1.5457611,-0.94755554,13.981262
25760,1.134201,0.90448,9.044876
25764,-0.01675415,2.7565308,5.5633087
25769,-2.1128693,4.864609,4.8717804
25776,-1.5050812,2.0195465,1.9597168
25783,0.6412811,2.5435638,3.7495575
25787,-0.16749573,2.2612152,6.0849457
25792,-2.9024963,1.4285126,8.516052
25797,-5.0392914,-0.27278137,10.880173
25805,-2.835495,-2.9599152,14.909683
25807,0.124420166,-3.4815521,17.022537
25809,3.385849,-3.3212433,15.670593
25812,4.6612244,-1.5385895,12.86142
25815,2.9144592,0.1651001,8.283951
25819,0.8374939,1.6151581,5.91745
25823,-1.5936127,3.1345978,6.2596283
25828,-3.672989,1.0743713,5.8576355
25832,-0.78245544,-0.5670929,9.477966
25837,0.7417755,-1.0169525,12.890137
25840,-1.0863342,-1.2729797,13.770691
25844,-0.44267273,-0.34934998,13.002594
25848,0.22013855,0.9714813,10.116852
25853,-0.73220825,1.9884338,6.6137695
25858,-2.108078,2.7493591,5.149353
25862,-2.6560364,2.1224365,6.5036926
25869,-1.5936127,-0.6699829,8.997009
25872,0.14596558,-1.8568268,12.241684
25875,1.0887299,-2.4406738,14.134399
25880,1.8879395,-1.4237366,13.5385895
25883,0.92123413,0.34217834,10.080963
25885,-0.52163696,2.4693909,6.077774
25890,-2.280365,3.5270233,3.5677032
25894,-3.7567291,3.5246277,4.249649
25899,-3.5413818,1.2610168,6.723831
25904,-1.9716797,-1.2729797,10.54277
25907,-1.0432739,-1.8927155,13.057632
25910,-1.6295166,-1.8281097,13.172485
25913,-2.6081696,-0.63648987,12.8111725
25926,-1.4596252,1.3328094,10.447067
25931,-0.7010956,2.847458,6.4127655
25934,-0.5766754,3.5724792,3.0029907
25937,-1.4859467,3.998413,2.9359894
25942,-2.3497467,1.2346954,5.3694916
25946,-1.2610168,-1.9908295,11.708084
25953,-0.25125122,-3.2063751,17.268997
25959,-0.7776642,-3.053238,18.704697
25964,-0.55992126,-1.5625153,16.199417
25968,-0.44984436,0.41874695,12.303894
25971,-1.0408783,2.3330078,7.613968
25972,-1.9980011,3.8069763,3.5653076
25975,-2.416748,4.6707916,2.663208
25977,-2.0362854,2.658432,3.7710876
25980,-1.3375854,0.15553284,7.022934
25983,0.24406433,-1.1294098,12.672394
25985,0.15792847,-1.976471,15.273392
25987,0.7992096,-1.4117584,15.237503
25990,1.7419739,-0.04547119,12.114868
25993,0.59820557,1.3734741,7.4440765
25996,-1.3208313,2.5986023,4.3381805
25999,-2.6201477,3.2039948,4.6013947
26003,-2.3449707,1.4620209,5.7786713
26008,-0.49531555,-0.8949127,9.020935
26012,0.114852905,-1.9860382,13.232315
26018,-0.9403839,-2.3114624,15.06282
26022,-1.1006927,-1.6797638,14.890533
26027,0.095718384,0.0,13.653442
26030,1.421341,1.3016968,9.918243
26034,1.0863342,2.847458,5.132599
26040,-0.18664551,3.8237305,1.0384827
26045,-2.2636108,4.811966,2.7972107
26052,-4.0055847,1.7970123,5.749954
26058,-4.7019043,-1.3926239,11.093124
26065,-3.180069,-1.9669037,16.953156
26070,-1.282547,-1.8113708,17.556137
26076,-0.4665985,-0.7776642,15.625137
26082,0.052642822,0.90448,10.942383
26088,-0.40678406,2.239685,6.0394897
26095,-1.5266266,3.5820618,3.3834534
26101,-2.7230377,3.591629,4.2424774
26105,-3.0652008,1.8568268,6.443878
26110,-2.7517395,-0.2871399,10.52124
26113,-2.0219421,-0.61735535,14.182266
26119,-0.4905243,-0.1268158,14.378479
26124,0.25842285,0.9068756,11.490341
26129,-0.6795654,1.627121,7.1856537
26136,-2.4717865,2.4215393,4.158722
26142,-3.5892334,2.5986023,3.7710876
26148,-3.8644104,0.95951843,6.415161
26154,-3.1992035,-0.67477417,10.631317
26162,-1.6797638,-1.277771,13.878372
26168,-0.18902588,-0.90448,14.447861
26177,0.38763428,-0.20578003,11.01416
26191,-0.727417,1.0432739,7.4895325
26196,-2.7445679,2.1128693,5.699707
26199,-4.4195404,2.3234253,5.63031
26203,-4.0749817,1.2729797,7.147354
26206,-2.1726837,0.14356995,9.810577
26210,-0.2871399,-0.5694885,12.155533
26214,0.28234863,-0.5407715,12.198608
26219,0.4402771,-0.18424988,11.50708
26223,0.6652069,0.31106567,9.872787
26227,0.15553284,0.9451599,9.231506
26232,-1.4117584,1.1868439,9.561722
26236,-2.2133636,1.7084808,9.348755
26243,-1.2753754,1.8185425,8.525635
26249,0.47616577,1.8975067,8.413162
26255,0.5312042,1.5553284,9.274582
26262,1.2131653,0.61016846,11.100311
26267,1.5792694,0.80877686,11.203201
26275,1.2945099,1.7515411,8.441879
26280,-0.052642822,2.4095764,5.826523
26287,-0.8685913,3.3044891,4.967499
26292,-1.655838,4.204193,6.089737
26297,0.28234863,4.902893,5.613556
26302,1.9405823,4.261612,4.421936
26307,0.46180725,0.5024872,11.511871
26313,1.0983124,-1.9812622,13.9166565
26318,2.8618164,-2.2061768,16.49852
26323,3.041275,-1.1485596,13.406982
26329,2.210968,0.0023956299,8.410767
26333,0.55274963,2.0554352,5.522629
26338,-1.3399811,3.2733765,4.709076
26344,-3.728012,4.1611176,7.4033966
26349,-3.0173492,1.4931183,8.752945
26356,-1.3447723,0.25125122,11.796616
26362,-1.524231,0.033493042,13.545776
26368,-2.0003967,0.36610413,13.617554
26375,-3.2518463,1.421341,10.595413
26383,-4.340576,3.2853394,7.956131
26389,-5.4006042,4.094116,6.7046967
26395,-4.543976,2.9981995,7.5876465
26402,-2.2277222,1.2131653,9.564117
26405,-0.41874695,-0.28234863,11.432907
26411,0.31106567,-0.7848511,13.10788
26414,0.15792847,-0.4785614,13.000198
26416,-0.7513428,0.62213135,9.793823
26418,-1.8520508,2.388031,7.1808624
26420,-3.184845,3.2231293,5.6231384
26424,-3.6179504,2.7708893,5.883957
26429,-3.103485,1.249054,8.044662
26433,-2.388031,-0.8829498,11.624329
26437,-1.8496552,-2.8163452,14.555542
26442,-1.7874451,-3.448059,16.694717
26446,-1.3471527,-2.1559296,17.601608
26451,-0.6388855,0.04307556,13.741974
26470,-0.5742798,2.2372894,7.8436737
26474,-1.2131653,3.4815521,3.4767761
26478,-1.1102753,4.3358,3.3427734
26482,-3.505478,3.1250305,3.9960175
26487,-2.1968536,-0.0569458,8.461975
26493,0.46875,0.024169922,9.031235
26500,1.5129852,-0.5726013,10.669113
26507,-1.5594025,0.47473145,9.428207
26519,-1.9042053,0.550827,8.975479
26534,-0.8178711,0.102890015,10.56694
26540,-0.55656433,3.6466675,7.790558
26544,0.49746704,2.301651,8.733566
26550,-1.947998,1.0332184,9.750519
26559,0.17085266,0.41156006,9.577759
26582,0.0756073,0.83366394,9.269791
26585,0.0028686523,0.17562866,10.684189
26588,-0.826004,0.8525696,10.172363
26592,-1.4629669,1.6340637,8.648621
26596,-1.0518799,0.9875183,9.039841
26601,-2.0075836,1.7132568,9.203522
26604,-0.3393097,1.4775696,9.323639
26608,-0.36012268,2.354065,8.913742
26613,0.003112793,1.9286194,9.578949
26619,-0.37878418,1.175827,9.686874
